initialsize = 16384
directory depth = 14
key trace size: 240000000
Randomize the trace...
reads_ = 240000000 
------------------------------------------------
HashType:              CCEH
Current # of Segments 16384 
Init Capacity:         16777216
Entries:               240000000
Trace size:            240000000
Read:                  0 
Write:                 1000000 
Thread:                8 
Report interval:       0 s
Stats interval:        1000000 records
benchmarks:            load,readall
------------------------------------------------
[32mStart IPMWatcher for load
[0mthread  7, between 210000000 - 240000000
thread  5, between 150000000 - 180000000
thread  3, between 90000000 - 120000000
thread  1, between 30000000 - 60000000
thread  2, between 60000000 - 90000000
thread  4, between 120000000 - 150000000
thread  0, between 0 - 30000000
thread  6, between 180000000 - 210000000
[TIME]7,0,1000000,1.2003,1.2003
[TIME]2,0,1000000,1.2010,1.2010
[TIME]5,0,1000000,1.2016,1.2016
[TIME]0,0,1000000,1.2023,1.2023
[TIME]3,0,1000000,1.2029,1.2029
[TIME]1,0,1000000,1.2032,1.2032
[TIME]6,0,1000000,1.2131,1.2131
[TIME]4,0,1000000,1.2236,1.2236
[#segments]16384
directory depth = 15
[TIME]2,1000000,2000000,1.8746,3.0755
[TIME]5,1000000,2000000,1.8892,3.0908
[TIME]0,1000000,2000000,1.8935,3.0957
[TIME]7,1000000,2000000,1.8967,3.0970
[TIME]1,1000000,2000000,1.8954,3.0986
[TIME]3,1000000,2000000,1.9067,3.1097
[TIME]6,1000000,2000000,1.9027,3.1157
[TIME]4,1000000,2000000,1.9136,3.1372
[#segments]32732
directory depth = 16
[TIME]2,2000000,3000000,1.7792,4.8547
[TIME]5,2000000,3000000,1.7934,4.8842
[TIME]1,2000000,3000000,1.7876,4.8861
[TIME]0,2000000,3000000,1.7906,4.8863
[TIME]7,2000000,3000000,1.7945,4.8915
[TIME]6,2000000,3000000,1.7838,4.8995
[TIME]3,2000000,3000000,1.7986,4.9083
[TIME]4,2000000,3000000,1.8340,4.9711
[#segments]34119
directory depth = 17
[TIME]2,3000000,4000000,2.6524,7.5071
[TIME]6,3000000,4000000,2.6300,7.5295
[TIME]1,3000000,4000000,2.6528,7.5389
[TIME]7,3000000,4000000,2.6503,7.5419
[TIME]0,3000000,4000000,2.6565,7.5428
[TIME]5,3000000,4000000,2.6652,7.5494
[TIME]3,3000000,4000000,2.6451,7.5534
[TIME]4,3000000,4000000,2.6784,7.6495
[#segments]65461
[TIME]2,4000000,5000000,1.9412,9.4483
[TIME]6,4000000,5000000,1.9425,9.4720
[TIME]0,4000000,5000000,1.9444,9.4872
[TIME]1,4000000,5000000,1.9533,9.4922
[TIME]3,4000000,5000000,1.9473,9.5007
[TIME]5,4000000,5000000,1.9518,9.5012
[TIME]7,4000000,5000000,1.9629,9.5047
[TIME]4,4000000,5000000,2.0388,9.6883
[#segments]65604
[TIME]2,5000000,6000000,2.0750,11.5233
[TIME]6,5000000,6000000,2.0721,11.5441
[TIME]0,5000000,6000000,2.0796,11.5668
[TIME]1,5000000,6000000,2.0801,11.5724
[TIME]7,5000000,6000000,2.0765,11.5812
[TIME]3,5000000,6000000,2.0850,11.5857
[TIME]5,5000000,6000000,2.1065,11.6076
[TIME]4,5000000,6000000,2.2027,11.8910
[#segments]68766
[TIME]2,6000000,7000000,2.7824,14.3057
[TIME]6,6000000,7000000,2.8195,14.3636
[TIME]0,6000000,7000000,2.8138,14.3806
[TIME]1,6000000,7000000,2.8113,14.3836
[TIME]7,6000000,7000000,2.8138,14.3950
[TIME]3,6000000,7000000,2.8272,14.4129
[TIME]5,6000000,7000000,2.8422,14.4499
[TIME]4,6000000,7000000,3.0794,14.9704
[#segments]107914
[TIME]2,7000000,8000000,2.8290,17.1347
[TIME]6,7000000,8000000,2.8154,17.1790
[TIME]7,7000000,8000000,2.8036,17.1986
[TIME]1,7000000,8000000,2.8156,17.1992
[TIME]0,7000000,8000000,2.8201,17.2007
[TIME]3,7000000,8000000,2.8048,17.2178
[TIME]5,7000000,8000000,2.8114,17.2613
[TIME]4,7000000,8000000,2.6793,17.6497
[#segments]131004
directory depth = 18
[TIME]2,8000000,9000000,2.0657,19.2003
[TIME]6,8000000,9000000,2.0802,19.2591
[TIME]0,8000000,9000000,2.0592,19.2600
[TIME]7,8000000,9000000,2.0748,19.2734
[TIME]1,8000000,9000000,2.0745,19.2737
[TIME]3,8000000,9000000,2.0760,19.2938
[TIME]5,8000000,9000000,2.0749,19.3362
[TIME]4,8000000,9000000,2.2376,19.8873
[#segments]131093
[TIME]2,9000000,10000000,2.1088,21.3091
[TIME]6,9000000,10000000,2.1062,21.3653
[TIME]0,9000000,10000000,2.1082,21.3681
[TIME]7,9000000,10000000,2.1077,21.3810
[TIME]1,9000000,10000000,2.1125,21.3862
[TIME]3,9000000,10000000,2.1092,21.4030
[TIME]5,9000000,10000000,2.1158,21.4520
[TIME]4,9000000,10000000,2.3011,22.1884
[#segments]131263
[TIME]2,10000000,11000000,2.1465,23.4556
[TIME]6,10000000,11000000,2.1416,23.5069
[TIME]0,10000000,11000000,2.1431,23.5113
[TIME]7,10000000,11000000,2.1519,23.5330
[TIME]1,10000000,11000000,2.1480,23.5342
[TIME]3,10000000,11000000,2.1477,23.5507
[TIME]5,10000000,11000000,2.1560,23.6080
[TIME]4,10000000,11000000,2.3120,24.5004
[#segments]132458
[TIME]2,11000000,12000000,2.2520,25.7076
[TIME]6,11000000,12000000,2.2503,25.7572
[TIME]0,11000000,12000000,2.2499,25.7612
[TIME]1,11000000,12000000,2.2535,25.7878
[TIME]7,11000000,12000000,2.2565,25.7895
[TIME]3,11000000,12000000,2.2415,25.7922
[TIME]5,11000000,12000000,2.2759,25.8839
[TIME]4,11000000,12000000,2.5270,27.0274
[#segments]140196
[TIME]2,12000000,13000000,2.5732,28.2808
[TIME]0,12000000,13000000,2.5438,28.3050
[TIME]6,12000000,13000000,2.5706,28.3278
[TIME]3,12000000,13000000,2.5580,28.3502
[TIME]1,12000000,13000000,2.5786,28.3663
[TIME]7,12000000,13000000,2.5843,28.3738
[TIME]5,12000000,13000000,2.6048,28.4887
[TIME]4,12000000,13000000,3.0749,30.1023
[#segments]171401
[TIME]2,13000000,14000000,3.1761,31.4569
[TIME]0,13000000,14000000,3.2084,31.5135
[TIME]6,13000000,14000000,3.2144,31.5423
[TIME]3,13000000,14000000,3.2375,31.5877
[TIME]1,13000000,14000000,3.2288,31.5951
[TIME]7,13000000,14000000,3.2287,31.6025
[TIME]5,13000000,14000000,3.2690,31.7577
directory depth = 19
[TIME]4,13000000,14000000,3.6862,33.7885
[#segments]229408
[TIME]2,14000000,15000000,3.4199,34.8768
[TIME]0,14000000,15000000,3.3993,34.9127
[TIME]6,14000000,15000000,3.3965,34.9388
[TIME]3,14000000,15000000,3.3730,34.9607
[TIME]7,14000000,15000000,3.3886,34.9910
[TIME]1,14000000,15000000,3.4175,35.0126
[TIME]5,14000000,15000000,3.3557,35.1134
[TIME]4,14000000,15000000,3.1162,36.9047
[#segments]259613
[TIME]2,15000000,16000000,2.5719,37.4487
[TIME]0,15000000,16000000,2.5591,37.4718
[TIME]6,15000000,16000000,2.5484,37.4872
[TIME]3,15000000,16000000,2.5495,37.5102
[TIME]1,15000000,16000000,2.5330,37.5456
[TIME]7,15000000,16000000,2.5664,37.5574
[TIME]5,15000000,16000000,2.5141,37.6274
[TIME]4,15000000,16000000,2.5136,39.4183
[#segments]262131
[TIME]2,16000000,17000000,2.2018,39.6506
[TIME]0,16000000,17000000,2.1963,39.6680
[TIME]6,16000000,17000000,2.1907,39.6779
[TIME]3,16000000,17000000,2.1846,39.6949
[TIME]1,16000000,17000000,2.1843,39.7299
[TIME]7,16000000,17000000,2.1986,39.7561
[TIME]5,16000000,17000000,2.1729,39.8004
[TIME]4,16000000,17000000,2.4692,41.8875
[#segments]262163
[TIME]6,17000000,18000000,2.2117,41.8896
[TIME]3,17000000,18000000,2.1958,41.8907
[TIME]0,17000000,18000000,2.2245,41.8926
[TIME]2,17000000,18000000,2.2441,41.8947
[TIME]1,17000000,18000000,2.1857,41.9156
[TIME]7,17000000,18000000,2.1736,41.9296
[TIME]5,17000000,18000000,2.1543,41.9547
[TIME]4,17000000,18000000,2.3607,44.2482
[#segments]262201
[TIME]7,18000000,19000000,2.3223,44.2519
[TIME]1,18000000,19000000,2.3405,44.2561
[TIME]6,18000000,19000000,2.3679,44.2575
[TIME]2,18000000,19000000,2.3640,44.2587
[TIME]0,18000000,19000000,2.3663,44.2588
[TIME]3,18000000,19000000,2.3693,44.2600
[TIME]5,18000000,19000000,2.3089,44.2636
[TIME]4,18000000,19000000,2.3573,46.6055
[#segments]262296
[TIME]6,19000000,20000000,2.3524,46.6099
[TIME]7,19000000,20000000,2.3607,46.6127
[TIME]2,19000000,20000000,2.3550,46.6137
[TIME]0,19000000,20000000,2.3552,46.6141
[TIME]1,19000000,20000000,2.3582,46.6142
[TIME]5,19000000,20000000,2.3508,46.6145
[TIME]3,19000000,20000000,2.3552,46.6151
[TIME]1,20000000,21000000,2.3840,48.9982
[#segments]262570
[TIME]5,20000000,21000000,2.3863,49.0008
[TIME]4,19000000,20000000,2.3958,49.0013
[TIME]7,20000000,21000000,2.3897,49.0024
[TIME]2,20000000,21000000,2.3901,49.0038
[TIME]3,20000000,21000000,2.3889,49.0041
[TIME]6,20000000,21000000,2.3954,49.0053
[TIME]0,20000000,21000000,2.4014,49.0155
[TIME]6,21000000,22000000,2.4093,51.4146
[#segments]263312
[TIME]1,21000000,22000000,2.4172,51.4154
[TIME]4,20000000,21000000,2.4155,51.4168
[TIME]3,21000000,22000000,2.4133,51.4173
[TIME]7,21000000,22000000,2.4164,51.4188
[TIME]5,21000000,22000000,2.4182,51.4189
[TIME]2,21000000,22000000,2.4158,51.4196
[TIME]0,21000000,22000000,2.4049,51.4204
[TIME]5,22000000,23000000,2.4566,53.8755
[#segments]265244
[TIME]4,21000000,22000000,2.4621,53.8789
[TIME]0,22000000,23000000,2.4587,53.8791
[TIME]7,22000000,23000000,2.4605,53.8794
[TIME]1,22000000,23000000,2.4679,53.8834
[TIME]6,22000000,23000000,2.4717,53.8863
[TIME]2,22000000,23000000,2.4681,53.8877
[TIME]3,22000000,23000000,2.4730,53.8903
[TIME]4,22000000,23000000,2.5325,56.4114
[#segments]269928
[TIME]7,23000000,24000000,2.5362,56.4155
[TIME]6,23000000,24000000,2.5362,56.4226
[TIME]2,23000000,24000000,2.5352,56.4229
[TIME]1,23000000,24000000,2.5397,56.4231
[TIME]3,23000000,24000000,2.5354,56.4257
[TIME]5,23000000,24000000,2.5513,56.4268
[TIME]0,23000000,24000000,2.5478,56.4269
[TIME]7,24000000,25000000,2.6902,59.1058
[#segments]280204
[TIME]5,24000000,25000000,2.6854,59.1122
[TIME]1,24000000,25000000,2.6894,59.1125
[TIME]4,23000000,24000000,2.7017,59.1131
[TIME]3,24000000,25000000,2.6879,59.1137
[TIME]6,24000000,25000000,2.6940,59.1166
[TIME]0,24000000,25000000,2.6900,59.1169
[TIME]2,24000000,25000000,2.6967,59.1196
[TIME]1,25000000,26000000,2.9532,62.0657
[#segments]300843
[TIME]7,25000000,26000000,2.9617,62.0675
[TIME]6,25000000,26000000,2.9557,62.0723
[TIME]2,25000000,26000000,2.9564,62.0760
[TIME]5,25000000,26000000,2.9643,62.0765
[TIME]0,25000000,26000000,2.9627,62.0796
[TIME]4,24000000,25000000,2.9678,62.0809
[TIME]3,25000000,26000000,2.9699,62.0836
[TIME]4,25000000,26000000,3.2978,65.3787
[#segments]337287
[TIME]5,26000000,27000000,3.3207,65.3972
[TIME]6,26000000,27000000,3.3271,65.3993
[TIME]0,26000000,27000000,3.3231,65.4027
[TIME]2,26000000,27000000,3.3322,65.4083
[TIME]3,26000000,27000000,3.3248,65.4083
[TIME]7,26000000,27000000,3.3438,65.4113
[TIME]1,26000000,27000000,3.3460,65.4117
[TIME]1,27000000,28000000,3.6408,69.0525
[#segments]389575
[TIME]7,27000000,28000000,3.6580,69.0694
[TIME]4,26000000,27000000,3.6958,69.0745
[TIME]5,27000000,28000000,3.6814,69.0787
[TIME]2,27000000,28000000,3.6776,69.0859
[TIME]0,27000000,28000000,3.6846,69.0873
[TIME]3,27000000,28000000,3.6826,69.0909
[TIME]6,27000000,28000000,3.6981,69.0974
[TIME]5,28000000,29000000,3.7691,72.8477
[#segments]446735
[TIME]0,28000000,29000000,3.7615,72.8488
[TIME]3,28000000,29000000,3.7637,72.8546
[TIME]4,27000000,28000000,3.7868,72.8612
[TIME]7,28000000,29000000,3.7927,72.8621
[TIME]6,28000000,29000000,3.7707,72.8681
[TIME]1,28000000,29000000,3.8162,72.8687
[TIME]2,28000000,29000000,3.7956,72.8816
directory depth = 20
[TIME]3,29000000,30000000,3.5276,76.3823
[#segments]490990
[TIME]4,28000000,29000000,3.5420,76.4032
[TIME]5,29000000,30000000,3.5633,76.4110
[TIME]2,29000000,30000000,3.5324,76.4140
[TIME]6,29000000,30000000,3.5480,76.4161
[TIME]7,29000000,30000000,3.5541,76.4162
[TIME]1,29000000,30000000,3.5510,76.4197
[TIME]0,29000000,30000000,3.5718,76.4207
Current # of Segments 491716 
Current # of Segments 491716 
Current # of Segments 491716 
Current # of Segments 491716 
Current # of Segments 491716 
Current # of Segments 491716 
Current # of Segments 491716 
[TIME]4,29000000,30000000,1.6628,78.0660
[#segments]495517
Current # of Segments 495517 
[Report]240000000 operations, 78.53 real_elapsed 
dimm_num = 2 
DIMM0 | Read from IMC | Write from IMC |  Read DIMM  |  Write DIMM  |   RA   |   WA   |
  MB  |      66973.41 |       36016.95 |   148804.22 |     99130.08 |   2.22 |   2.75 |
DIMM1 | Read from IMC | Write from IMC |  Read DIMM  |  Write DIMM  |   RA   |   WA   |
  MB  |      43041.16 |       22794.09 |    74293.17 |     45727.44 |   1.73 |   2.01 |
*SUM* | DIMM-R:  2833.5 MB/s. User-R:  1397.2 MB/s   | DIMM-W:  1839.8 MB/s, User-W:   746.9 MB/s. Time:  78.74s
*SUMSUM* | DIMM-R: 223097.4 MB| User-R: 110014.6 MB   | DIMM-W: 144857.5 MB | User-W: 58811.0 MB | Time:  78.74s
