initialsize = 16384
directory depth = 14
key trace size: 1200000000
Randomize the trace...reads_ = 1200000000 
------------------------------------------------
HashType:              CCEH
Current # of Segments 16384 
Init Capacity:         16777216
Entries:               1200000000
Trace size:            1200000000
Read:                  0 
Write:                 1000000 
Thread:                16 
Report interval:       0 s
Stats interval:        1000000 records
benchmarks:            load
------------------------------------------------
[32mStart IPMWatcher for load
[0mthread 15, between 1125000000 - 1200000000
thread  8, between 600000000 - 675000000
thread 13, between 975000000 - 1050000000
thread 11, between 825000000 - 900000000
thread  9, between 675000000 - 750000000
thread  6, between 450000000 - 525000000
thread 10, between 750000000 - 825000000
thread  0, between 0 - 75000000
thread  5, between 375000000 - 450000000
thread  3, between 225000000 - 300000000
thread  4, between 300000000 - 375000000
thread  1, between 75000000 - 150000000
thread 12, between 900000000 - 975000000
thread  2, between 150000000 - 225000000
thread 14, between 1050000000 - 1125000000
thread  7, between 525000000 - 600000000
directory depth = 15
[TIME]9,0,1000000,1.1023,1.1023
[TIME]14,0,1000000,1.1032,1.1032
[TIME]5,0,1000000,1.1039,1.1039
[TIME]3,0,1000000,1.1040,1.1040
[TIME]10,0,1000000,1.1043,1.1043
[TIME]6,0,1000000,1.1046,1.1046
[TIME]7,0,1000000,1.1049,1.1049
[TIME]11,0,1000000,1.1055,1.1055
[TIME]15,0,1000000,1.1065,1.1065
[TIME]13,0,1000000,1.1066,1.1066
[TIME]4,0,1000000,1.1075,1.1075
[TIME]1,0,1000000,1.1076,1.1076
[TIME]2,0,1000000,1.1084,1.1084
[TIME]0,0,1000000,1.1102,1.1102
[TIME]12,0,1000000,1.1126,1.1126
[TIME]8,0,1000000,1.1130,1.1130
[#segments]32709
directory depth = 16
[TIME]10,1000000,2000000,1.5000,2.6043
[TIME]9,1000000,2000000,1.5046,2.6069
[TIME]14,1000000,2000000,1.5062,2.6093
[TIME]6,1000000,2000000,1.5056,2.6101
[TIME]3,1000000,2000000,1.5064,2.6104
[TIME]5,1000000,2000000,1.5069,2.6108
[TIME]4,1000000,2000000,1.5061,2.6136
[TIME]11,1000000,2000000,1.5089,2.6144
[TIME]13,1000000,2000000,1.5079,2.6146
[TIME]2,1000000,2000000,1.5093,2.6177
[TIME]1,1000000,2000000,1.5113,2.6189
[TIME]7,1000000,2000000,1.5141,2.6190
[TIME]15,1000000,2000000,1.5127,2.6192
[TIME]0,1000000,2000000,1.5154,2.6256
[TIME]12,1000000,2000000,1.5182,2.6309
[TIME]8,1000000,2000000,1.5238,2.6368
[#segments]65433
directory depth = 17
[TIME]10,2000000,3000000,1.3861,3.9904
[TIME]6,2000000,3000000,1.3824,3.9925
[TIME]9,2000000,3000000,1.3868,3.9937
[TIME]14,2000000,3000000,1.3853,3.9946
[TIME]3,2000000,3000000,1.3930,4.0035
[TIME]5,2000000,3000000,1.3929,4.0037
[TIME]11,2000000,3000000,1.3934,4.0079
[TIME]4,2000000,3000000,1.3959,4.0095
[TIME]7,2000000,3000000,1.3909,4.0099
[TIME]15,2000000,3000000,1.3909,4.0101
[TIME]13,2000000,3000000,1.3961,4.0107
[TIME]2,2000000,3000000,1.3937,4.0114
[TIME]0,2000000,3000000,1.3935,4.0191
[TIME]1,2000000,3000000,1.4016,4.0205
[TIME]12,2000000,3000000,1.3956,4.0265
[TIME]8,2000000,3000000,1.4082,4.0451
[#segments]68053
[TIME]10,3000000,4000000,2.0367,6.0271
[TIME]14,3000000,4000000,2.0344,6.0290
[TIME]6,3000000,4000000,2.0470,6.0396
[TIME]5,3000000,4000000,2.0434,6.0471
[TIME]9,3000000,4000000,2.0547,6.0484
[TIME]11,3000000,4000000,2.0432,6.0511
[TIME]15,3000000,4000000,2.0412,6.0512
[TIME]3,3000000,4000000,2.0478,6.0513
[TIME]7,3000000,4000000,2.0440,6.0539
[TIME]0,3000000,4000000,2.0358,6.0549
[TIME]4,3000000,4000000,2.0475,6.0571
[TIME]2,3000000,4000000,2.0465,6.0579
[TIME]13,3000000,4000000,2.0516,6.0622
[TIME]1,3000000,4000000,2.0454,6.0659
[TIME]12,3000000,4000000,2.0446,6.0711
[TIME]8,3000000,4000000,2.0739,6.1190
[#segments]130883
directory depth = 18
[TIME]14,4000000,5000000,1.5011,7.5301
[TIME]10,4000000,5000000,1.5058,7.5329
[TIME]5,4000000,5000000,1.5035,7.5506
[TIME]9,4000000,5000000,1.5036,7.5520
[TIME]6,4000000,5000000,1.5138,7.5534
[TIME]11,4000000,5000000,1.5032,7.5543
[TIME]3,4000000,5000000,1.5040,7.5553
[TIME]15,4000000,5000000,1.5041,7.5554
[TIME]2,4000000,5000000,1.5024,7.5603
[TIME]7,4000000,5000000,1.5077,7.5617
[TIME]0,4000000,5000000,1.5071,7.5620
[TIME]4,4000000,5000000,1.5143,7.5713
[TIME]13,4000000,5000000,1.5092,7.5714
[TIME]1,4000000,5000000,1.5119,7.5778
[TIME]12,4000000,5000000,1.5068,7.5779
[TIME]8,4000000,5000000,1.5120,7.6309
[#segments]131190
[TIME]14,5000000,6000000,1.6031,9.1332
[TIME]10,5000000,6000000,1.6111,9.1440
[TIME]5,5000000,6000000,1.6106,9.1612
[TIME]9,5000000,6000000,1.6138,9.1658
[TIME]6,5000000,6000000,1.6128,9.1662
[TIME]3,5000000,6000000,1.6119,9.1672
[TIME]11,5000000,6000000,1.6141,9.1684
[TIME]2,5000000,6000000,1.6119,9.1722
[TIME]15,5000000,6000000,1.6187,9.1741
[TIME]7,5000000,6000000,1.6161,9.1778
[TIME]0,5000000,6000000,1.6203,9.1822
[TIME]4,5000000,6000000,1.6155,9.1869
[TIME]13,5000000,6000000,1.6214,9.1928
[TIME]12,5000000,6000000,1.6155,9.1934
[TIME]1,5000000,6000000,1.6270,9.2048
[TIME]8,5000000,6000000,1.6284,9.2594
[#segments]136000
[TIME]14,6000000,7000000,2.1636,11.2969
[TIME]3,6000000,7000000,2.1833,11.3505
[TIME]5,6000000,7000000,2.1905,11.3517
[TIME]6,6000000,7000000,2.1953,11.3615
[TIME]2,6000000,7000000,2.1969,11.3691
[TIME]10,6000000,7000000,2.2281,11.3721
[TIME]15,6000000,7000000,2.2014,11.3756
[TIME]7,6000000,7000000,2.1989,11.3766
[TIME]0,6000000,7000000,2.1980,11.3803
[TIME]4,6000000,7000000,2.1971,11.3840
[TIME]9,6000000,7000000,2.2209,11.3867
[TIME]12,6000000,7000000,2.2064,11.3998
[TIME]13,6000000,7000000,2.2179,11.4107
[TIME]11,6000000,7000000,2.2525,11.4209
[TIME]1,6000000,7000000,2.2162,11.4210
[TIME]8,6000000,7000000,2.2937,11.5531
[#segments]205701
directory depth = 19
[TIME]14,7000000,8000000,2.2182,13.5151
[TIME]6,7000000,8000000,2.1833,13.5448
[TIME]3,7000000,8000000,2.2025,13.5530
[TIME]2,7000000,8000000,2.1849,13.5539
[TIME]5,7000000,8000000,2.2031,13.5549
[TIME]7,7000000,8000000,2.1846,13.5613
[TIME]15,7000000,8000000,2.1866,13.5622
[TIME]4,7000000,8000000,2.1840,13.5680
[TIME]0,7000000,8000000,2.1915,13.5718
[TIME]12,7000000,8000000,2.1807,13.5806
[TIME]13,7000000,8000000,2.1752,13.5860
[TIME]10,7000000,8000000,2.2151,13.5872
[TIME]9,7000000,8000000,2.2098,13.5965
[TIME]1,7000000,8000000,2.1858,13.6068
[TIME]11,7000000,8000000,2.1934,13.6144
[TIME]8,7000000,8000000,2.1468,13.6998
[#segments]261747
[TIME]14,8000000,9000000,1.6260,15.1411
[TIME]6,8000000,9000000,1.6272,15.1719
[TIME]3,8000000,9000000,1.6234,15.1764
[TIME]2,8000000,9000000,1.6246,15.1785
[TIME]5,8000000,9000000,1.6257,15.1806
[TIME]15,8000000,9000000,1.6281,15.1903
[TIME]7,8000000,9000000,1.6303,15.1916
[TIME]4,8000000,9000000,1.6257,15.1937
[TIME]0,8000000,9000000,1.6259,15.1977
[TIME]12,8000000,9000000,1.6305,15.2110
[TIME]13,8000000,9000000,1.6299,15.2158
[TIME]10,8000000,9000000,1.6302,15.2174
[TIME]9,8000000,9000000,1.6255,15.2220
[TIME]1,8000000,9000000,1.6231,15.2299
[TIME]11,8000000,9000000,1.6241,15.2384
[TIME]8,8000000,9000000,1.6310,15.3309
[#segments]262174
[TIME]14,9000000,10000000,1.6566,16.7977
[TIME]6,9000000,10000000,1.6609,16.8328
[TIME]3,9000000,10000000,1.6593,16.8358
[TIME]2,9000000,10000000,1.6602,16.8388
[TIME]5,9000000,10000000,1.6677,16.8483
[TIME]15,9000000,10000000,1.6616,16.8519
[TIME]7,9000000,10000000,1.6621,16.8537
[TIME]4,9000000,10000000,1.6614,16.8550
[TIME]0,9000000,10000000,1.6643,16.8620
[TIME]12,9000000,10000000,1.6660,16.8770
[TIME]10,9000000,10000000,1.6617,16.8791
[TIME]13,9000000,10000000,1.6670,16.8828
[TIME]9,9000000,10000000,1.6646,16.8866
[TIME]1,9000000,10000000,1.6622,16.8921
[TIME]11,9000000,10000000,1.6670,16.9054
[TIME]8,9000000,10000000,1.6693,17.0002
[#segments]262373
[TIME]14,10000000,11000000,1.7008,18.4985
[TIME]6,10000000,11000000,1.6921,18.5249
[TIME]3,10000000,11000000,1.6976,18.5333
[TIME]2,10000000,11000000,1.7017,18.5405
[TIME]5,10000000,11000000,1.6937,18.5419
[TIME]15,10000000,11000000,1.6970,18.5490
[TIME]7,10000000,11000000,1.6981,18.5517
[TIME]4,10000000,11000000,1.6974,18.5524
[TIME]0,10000000,11000000,1.6970,18.5590
[TIME]10,10000000,11000000,1.6981,18.5771
[TIME]12,10000000,11000000,1.7017,18.5787
[TIME]9,10000000,11000000,1.6977,18.5843
[TIME]13,10000000,11000000,1.7022,18.5850
[TIME]1,10000000,11000000,1.6968,18.5889
[TIME]11,10000000,11000000,1.6981,18.6035
[TIME]8,10000000,11000000,1.7006,18.7008
[#segments]263803
[TIME]14,11000000,12000000,1.7918,20.2902
[TIME]6,11000000,12000000,1.7881,20.3130
[TIME]3,11000000,12000000,1.7917,20.3250
[TIME]2,11000000,12000000,1.7912,20.3317
[TIME]5,11000000,12000000,1.7914,20.3334
[TIME]4,11000000,12000000,1.7926,20.3450
[TIME]15,11000000,12000000,1.7967,20.3456
[TIME]7,11000000,12000000,1.8002,20.3519
[TIME]0,11000000,12000000,1.7993,20.3584
[TIME]10,11000000,12000000,1.7932,20.3703
[TIME]9,11000000,12000000,1.7963,20.3806
[TIME]12,11000000,12000000,1.8041,20.3827
[TIME]1,11000000,12000000,1.7959,20.3847
[TIME]13,11000000,12000000,1.8061,20.3910
[TIME]11,11000000,12000000,1.7992,20.4028
[TIME]8,11000000,12000000,1.8098,20.5106
[#segments]271873
[TIME]14,12000000,13000000,2.0773,22.3676
[TIME]6,12000000,13000000,2.0752,22.3883
[TIME]3,12000000,13000000,2.0681,22.3931
[TIME]2,12000000,13000000,2.0679,22.3996
[TIME]5,12000000,13000000,2.0725,22.4058
[TIME]4,12000000,13000000,2.0882,22.4332
[TIME]0,12000000,13000000,2.0759,22.4342
[TIME]15,12000000,13000000,2.0899,22.4356
[TIME]7,12000000,13000000,2.0938,22.4457
[TIME]1,12000000,13000000,2.0771,22.4618
[TIME]10,12000000,13000000,2.0944,22.4647
[TIME]9,12000000,13000000,2.0877,22.4683
[TIME]12,12000000,13000000,2.1069,22.4897
[TIME]13,12000000,13000000,2.1014,22.4924
[TIME]11,12000000,13000000,2.0903,22.4930
[TIME]8,12000000,13000000,2.1246,22.6351
[#segments]309401
[TIME]6,13000000,14000000,2.5541,24.9424
[TIME]3,13000000,14000000,2.5516,24.9447
[TIME]2,13000000,14000000,2.5700,24.9696
[TIME]14,13000000,14000000,2.6032,24.9708
[TIME]5,13000000,14000000,2.5690,24.9748
[TIME]4,13000000,14000000,2.5697,25.0029
[TIME]0,13000000,14000000,2.5755,25.0098
[TIME]1,13000000,14000000,2.5756,25.0374
[TIME]15,13000000,14000000,2.6219,25.0574
[TIME]7,13000000,14000000,2.6200,25.0657
[TIME]9,13000000,14000000,2.6288,25.0971
[TIME]10,13000000,14000000,2.6334,25.0981
[TIME]12,13000000,14000000,2.6249,25.1146
[TIME]11,13000000,14000000,2.6260,25.1190
[TIME]13,13000000,14000000,2.6526,25.1451
[TIME]8,13000000,14000000,2.6614,25.2966
[#segments]407239
[TIME]3,14000000,15000000,2.5669,27.5116
[TIME]6,14000000,15000000,2.5714,27.5137
[TIME]2,14000000,15000000,2.5645,27.5341
[TIME]5,14000000,15000000,2.5651,27.5399
[TIME]4,14000000,15000000,2.5481,27.5510
[TIME]14,14000000,15000000,2.6172,27.5880
[TIME]1,14000000,15000000,2.5512,27.5887
[TIME]0,14000000,15000000,2.6014,27.6112
[TIME]15,14000000,15000000,2.6124,27.6698
[TIME]10,14000000,15000000,2.5751,27.6732
[TIME]7,14000000,15000000,2.6167,27.6824
[TIME]9,14000000,15000000,2.5966,27.6937
[TIME]11,14000000,15000000,2.5836,27.7026
[TIME]12,14000000,15000000,2.6118,27.7265
[TIME]13,14000000,15000000,2.5842,27.7292
directory depth = 20
[TIME]8,14000000,15000000,2.5989,27.8954
[#segments]501345
[TIME]6,15000000,16000000,2.0347,29.5484
[TIME]3,15000000,16000000,2.0467,29.5583
[TIME]2,15000000,16000000,2.0335,29.5676
[TIME]5,15000000,16000000,2.0306,29.5706
[TIME]4,15000000,16000000,2.0352,29.5862
[TIME]1,15000000,16000000,2.0273,29.6159
[TIME]14,15000000,16000000,2.0305,29.6185
[TIME]0,15000000,16000000,2.0319,29.6431
[TIME]10,15000000,16000000,2.0219,29.6951
[TIME]15,15000000,16000000,2.0268,29.6965
[TIME]9,15000000,16000000,2.0066,29.7003
[TIME]7,15000000,16000000,2.0179,29.7003
[TIME]11,15000000,16000000,2.0160,29.7186
[TIME]13,15000000,16000000,2.0104,29.7396
[TIME]12,15000000,16000000,2.0159,29.7423
[TIME]8,15000000,16000000,1.9490,29.8444
[#segments]523398
[TIME]6,16000000,17000000,1.7644,31.3128
[TIME]3,16000000,17000000,1.7667,31.3250
[TIME]2,16000000,17000000,1.7658,31.3334
[TIME]5,16000000,17000000,1.7688,31.3394
[TIME]4,16000000,17000000,1.7673,31.3534
[TIME]1,16000000,17000000,1.7659,31.3818
[TIME]14,16000000,17000000,1.7668,31.3853
[TIME]0,16000000,17000000,1.7666,31.4098
[TIME]10,16000000,17000000,1.7631,31.4582
[TIME]15,16000000,17000000,1.7646,31.4611
[TIME]9,16000000,17000000,1.7642,31.4645
[TIME]7,16000000,17000000,1.7664,31.4667
[TIME]11,16000000,17000000,1.7648,31.4834
[TIME]13,16000000,17000000,1.7661,31.5057
[TIME]12,16000000,17000000,1.7671,31.5095
[TIME]8,16000000,17000000,1.7608,31.6053
[#segments]524295
[TIME]6,17000000,18000000,1.7567,33.0695
[TIME]3,17000000,18000000,1.7617,33.0867
[TIME]2,17000000,18000000,1.7621,33.0956
[TIME]5,17000000,18000000,1.7591,33.0985
[TIME]4,17000000,18000000,1.7603,33.1137
[TIME]1,17000000,18000000,1.7608,33.1427
[TIME]14,17000000,18000000,1.7614,33.1467
[TIME]0,17000000,18000000,1.7614,33.1712
[TIME]10,17000000,18000000,1.7605,33.2187
[TIME]15,17000000,18000000,1.7669,33.2280
[TIME]9,17000000,18000000,1.7655,33.2301
[TIME]7,17000000,18000000,1.7647,33.2314
[TIME]11,17000000,18000000,1.7643,33.2477
[TIME]13,17000000,18000000,1.7670,33.2727
[TIME]12,17000000,18000000,1.7669,33.2764
[TIME]8,17000000,18000000,1.7641,33.3694
[#segments]524346
[TIME]6,18000000,19000000,1.7712,34.8407
[TIME]3,18000000,19000000,1.7750,34.8618
[TIME]2,18000000,19000000,1.7743,34.8699
[TIME]5,18000000,19000000,1.7758,34.8742
[TIME]4,18000000,19000000,1.7760,34.8898
[TIME]1,18000000,19000000,1.7767,34.9194
[TIME]14,18000000,19000000,1.7774,34.9241
[TIME]0,18000000,19000000,1.7784,34.9496
[TIME]10,18000000,19000000,1.7740,34.9927
[TIME]15,18000000,19000000,1.7792,35.0072
[TIME]9,18000000,19000000,1.7783,35.0084
[TIME]7,18000000,19000000,1.7796,35.0109
[TIME]11,18000000,19000000,1.7773,35.0250
[TIME]13,18000000,19000000,1.7813,35.0540
[TIME]12,18000000,19000000,1.7800,35.0564
[TIME]8,18000000,19000000,1.7786,35.1480
[#segments]524439
[TIME]6,19000000,20000000,1.7994,36.6402
[TIME]3,19000000,20000000,1.8060,36.6677
[TIME]2,19000000,20000000,1.8048,36.6747
[TIME]5,19000000,20000000,1.8040,36.6782
[TIME]4,19000000,20000000,1.8052,36.6950
[TIME]1,19000000,20000000,1.8087,36.7281
[TIME]14,19000000,20000000,1.8065,36.7306
[TIME]0,19000000,20000000,1.8068,36.7563
[TIME]10,19000000,20000000,1.8057,36.7984
[TIME]15,19000000,20000000,1.8085,36.8158
[TIME]9,19000000,20000000,1.8080,36.8164
[TIME]7,19000000,20000000,1.8086,36.8195
[TIME]11,19000000,20000000,1.8099,36.8349
[TIME]13,19000000,20000000,1.8126,36.8666
[TIME]12,19000000,20000000,1.8113,36.8676
[TIME]8,19000000,20000000,1.8088,36.9568
[#segments]524720
[TIME]6,20000000,21000000,1.8205,38.4607
[TIME]3,20000000,21000000,1.8245,38.4922
[TIME]2,20000000,21000000,1.8237,38.4984
[TIME]5,20000000,21000000,1.8220,38.5003
[TIME]4,20000000,21000000,1.8225,38.5175
[TIME]1,20000000,21000000,1.8252,38.5532
[TIME]14,20000000,21000000,1.8245,38.5550
[TIME]0,20000000,21000000,1.8268,38.5831
[TIME]10,20000000,21000000,1.8234,38.6218
[TIME]9,20000000,21000000,1.8242,38.6406
[TIME]15,20000000,21000000,1.8267,38.6425
[TIME]7,20000000,21000000,1.8278,38.6474
[TIME]11,20000000,21000000,1.8259,38.6608
[TIME]12,20000000,21000000,1.8259,38.6935
[TIME]13,20000000,21000000,1.8317,38.6983
[TIME]8,20000000,21000000,1.8280,38.7848
[#segments]525439
[TIME]6,21000000,22000000,1.8594,40.3201
[TIME]3,21000000,22000000,1.8661,40.3583
[TIME]2,21000000,22000000,1.8631,40.3615
[TIME]5,21000000,22000000,1.8648,40.3651
[TIME]4,21000000,22000000,1.8654,40.3828
[TIME]1,21000000,22000000,1.8660,40.4192
[TIME]14,21000000,22000000,1.8662,40.4212
[TIME]0,21000000,22000000,1.8685,40.4515
[TIME]10,21000000,22000000,1.8673,40.4891
[TIME]9,21000000,22000000,1.8687,40.5094
[TIME]15,21000000,22000000,1.8719,40.5143
[TIME]7,21000000,22000000,1.8731,40.5204
[TIME]11,21000000,22000000,1.8737,40.5345
[TIME]12,21000000,22000000,1.8724,40.5659
[TIME]13,21000000,22000000,1.8743,40.5725
[TIME]8,21000000,22000000,1.8752,40.6600
[#segments]527306
[TIME]6,22000000,23000000,1.9067,42.2268
[TIME]2,22000000,23000000,1.9106,42.2721
[TIME]5,22000000,23000000,1.9107,42.2758
[TIME]3,22000000,23000000,1.9199,42.2782
[TIME]4,22000000,23000000,1.9174,42.3002
[TIME]1,22000000,23000000,1.9151,42.3343
[TIME]14,22000000,23000000,1.9146,42.3358
[TIME]0,22000000,23000000,1.9213,42.3728
[TIME]10,22000000,23000000,1.9155,42.4046
[TIME]9,22000000,23000000,1.9192,42.4285
[TIME]15,22000000,23000000,1.9201,42.4345
[TIME]7,22000000,23000000,1.9238,42.4442
[TIME]11,22000000,23000000,1.9218,42.4564
[TIME]12,22000000,23000000,1.9243,42.4902
[TIME]13,22000000,23000000,1.9272,42.4997
[TIME]8,22000000,23000000,1.9223,42.5823
[#segments]531928
[TIME]6,23000000,24000000,1.9803,44.2071
[TIME]2,23000000,24000000,1.9916,44.2637
[TIME]5,23000000,24000000,1.9893,44.2652
[TIME]3,23000000,24000000,1.9982,44.2764
[TIME]4,23000000,24000000,1.9979,44.2981
[TIME]1,23000000,24000000,1.9957,44.3300
[TIME]14,23000000,24000000,1.9989,44.3347
[TIME]0,23000000,24000000,2.0011,44.3740
[TIME]10,23000000,24000000,2.0004,44.4050
[TIME]9,23000000,24000000,2.0060,44.4346
[TIME]15,23000000,24000000,2.0082,44.4427
[TIME]7,23000000,24000000,2.0052,44.4494
[TIME]11,23000000,24000000,2.0056,44.4620
[TIME]12,23000000,24000000,2.0110,44.5012
[TIME]13,23000000,24000000,2.0092,44.5089
[TIME]8,23000000,24000000,2.0151,44.5974
[#segments]542942
[TIME]6,24000000,25000000,2.1082,46.3153
[TIME]2,24000000,25000000,2.1310,46.3947
[TIME]5,24000000,25000000,2.1321,46.3973
[TIME]3,24000000,25000000,2.1403,46.4167
[TIME]4,24000000,25000000,2.1332,46.4314
[TIME]1,24000000,25000000,2.1373,46.4674
[TIME]14,24000000,25000000,2.1335,46.4682
[TIME]0,24000000,25000000,2.1426,46.5166
[TIME]10,24000000,25000000,2.1497,46.5547
[TIME]9,24000000,25000000,2.1462,46.5807
[TIME]15,24000000,25000000,2.1464,46.5891
[TIME]7,24000000,25000000,2.1473,46.5967
[TIME]11,24000000,25000000,2.1492,46.6112
[TIME]12,24000000,25000000,2.1528,46.6540
[TIME]13,24000000,25000000,2.1605,46.6695
[TIME]8,24000000,25000000,2.1579,46.7553
[#segments]567024
[TIME]6,25000000,26000000,2.3205,48.6358
[TIME]2,25000000,26000000,2.3225,48.7172
[TIME]5,25000000,26000000,2.3254,48.7227
[TIME]3,25000000,26000000,2.3417,48.7584
[TIME]4,25000000,26000000,2.3291,48.7605
[TIME]1,25000000,26000000,2.3399,48.8073
[TIME]14,25000000,26000000,2.3462,48.8144
[TIME]0,25000000,26000000,2.3418,48.8584
[TIME]10,25000000,26000000,2.3611,48.9158
[TIME]9,25000000,26000000,2.3509,48.9317
[TIME]15,25000000,26000000,2.3546,48.9438
[TIME]7,25000000,26000000,2.3616,48.9583
[TIME]11,25000000,26000000,2.3565,48.9677
[TIME]12,25000000,26000000,2.3775,49.0315
[TIME]13,25000000,26000000,2.3720,49.0415
[TIME]8,25000000,26000000,2.3762,49.1315
[#segments]615016
[TIME]6,26000000,27000000,2.6052,51.2411
[TIME]5,26000000,27000000,2.6027,51.3254
[TIME]2,26000000,27000000,2.6134,51.3306
[TIME]3,26000000,27000000,2.6189,51.3774
[TIME]4,26000000,27000000,2.6242,51.3847
[TIME]14,26000000,27000000,2.6251,51.4395
[TIME]1,26000000,27000000,2.6334,51.4407
[TIME]0,26000000,27000000,2.6310,51.4893
[TIME]10,26000000,27000000,2.6185,51.5343
[TIME]9,26000000,27000000,2.6431,51.5748
[TIME]15,26000000,27000000,2.6475,51.5913
[TIME]7,26000000,27000000,2.6402,51.5985
[TIME]11,26000000,27000000,2.6672,51.6349
[TIME]12,26000000,27000000,2.6622,51.6937
[TIME]13,26000000,27000000,2.6551,51.6966
[TIME]8,26000000,27000000,2.6565,51.7880
[#segments]695821
[TIME]6,27000000,28000000,2.8183,54.0593
[TIME]5,27000000,28000000,2.8414,54.1667
[TIME]2,27000000,28000000,2.8498,54.1804
[TIME]3,27000000,28000000,2.8598,54.2372
[TIME]4,27000000,28000000,2.8597,54.2444
[TIME]1,27000000,28000000,2.8347,54.2754
[TIME]14,27000000,28000000,2.8461,54.2857
[TIME]0,27000000,28000000,2.8606,54.3499
[TIME]10,27000000,28000000,2.8559,54.3902
[TIME]9,27000000,28000000,2.8613,54.4361
[TIME]7,27000000,28000000,2.8738,54.4723
[TIME]15,27000000,28000000,2.8857,54.4770
[TIME]11,27000000,28000000,2.8756,54.5105
[TIME]12,27000000,28000000,2.8750,54.5687
[TIME]13,27000000,28000000,2.8726,54.5692
[TIME]8,27000000,28000000,2.8584,54.6464
[#segments]804826
directory depth = 21
[TIME]6,28000000,29000000,2.9787,57.0380
[TIME]5,28000000,29000000,2.9759,57.1427
[TIME]2,28000000,29000000,2.9815,57.1619
[TIME]4,28000000,29000000,2.9864,57.2308
[TIME]3,28000000,29000000,2.9970,57.2342
[TIME]1,28000000,29000000,2.9781,57.2535
[TIME]14,28000000,29000000,2.9801,57.2658
[TIME]0,28000000,29000000,3.0081,57.3580
[TIME]10,28000000,29000000,2.9915,57.3817
[TIME]9,28000000,29000000,2.9687,57.4048
[TIME]7,28000000,29000000,2.9538,57.4261
[TIME]15,28000000,29000000,2.9648,57.4418
[TIME]11,28000000,29000000,2.9620,57.4724
[TIME]13,28000000,29000000,2.9818,57.5510
[TIME]12,28000000,29000000,2.9823,57.5510
[TIME]8,28000000,29000000,2.9619,57.6083
[#segments]916593
[TIME]6,29000000,30000000,2.6616,59.6997
[TIME]5,29000000,30000000,2.6517,59.7944
[TIME]2,29000000,30000000,2.6692,59.8310
[TIME]4,29000000,30000000,2.6571,59.8879
[TIME]3,29000000,30000000,2.6623,59.8964
[TIME]1,29000000,30000000,2.6542,59.9078
[TIME]14,29000000,30000000,2.6489,59.9146
[TIME]0,29000000,30000000,2.6262,59.9842
[TIME]10,29000000,30000000,2.6271,60.0088
[TIME]9,29000000,30000000,2.6290,60.0338
[TIME]7,29000000,30000000,2.6146,60.0407
[TIME]15,29000000,30000000,2.6125,60.0543
[TIME]11,29000000,30000000,2.6145,60.0870
[TIME]13,29000000,30000000,2.6013,60.1523
[TIME]12,29000000,30000000,2.6039,60.1549
[TIME]8,29000000,30000000,2.5903,60.1985
[#segments]996752
[TIME]6,30000000,31000000,2.2635,61.9632
[TIME]5,30000000,31000000,2.2469,62.0413
[TIME]2,30000000,31000000,2.2477,62.0787
[TIME]4,30000000,31000000,2.2491,62.1369
[TIME]1,30000000,31000000,2.2380,62.1457
[TIME]3,30000000,31000000,2.2497,62.1462
[TIME]14,30000000,31000000,2.2356,62.1503
[TIME]0,30000000,31000000,2.2271,62.2113
[TIME]10,30000000,31000000,2.2272,62.2360
[TIME]9,30000000,31000000,2.2230,62.2568
[TIME]15,30000000,31000000,2.2093,62.2637
[TIME]7,30000000,31000000,2.2237,62.2644
[TIME]11,30000000,31000000,2.2036,62.2905
[TIME]12,30000000,31000000,2.2080,62.3629
[TIME]13,30000000,31000000,2.2114,62.3637
[TIME]8,30000000,31000000,2.2013,62.3999
[#segments]1034726
[TIME]6,31000000,32000000,1.9809,63.9441
[TIME]5,31000000,32000000,1.9753,64.0166
[TIME]2,31000000,32000000,1.9791,64.0578
[TIME]4,31000000,32000000,1.9704,64.1073
[TIME]1,31000000,32000000,1.9717,64.1175
[TIME]14,31000000,32000000,1.9735,64.1237
[TIME]3,31000000,32000000,1.9779,64.1241
[TIME]0,31000000,32000000,1.9679,64.1792
[TIME]10,31000000,32000000,1.9620,64.1980
[TIME]9,31000000,32000000,1.9650,64.2217
[TIME]7,31000000,32000000,1.9604,64.2248
[TIME]15,31000000,32000000,1.9674,64.2310
[TIME]11,31000000,32000000,1.9652,64.2558
[TIME]13,31000000,32000000,1.9553,64.3190
[TIME]12,31000000,32000000,1.9589,64.3218
[TIME]8,31000000,32000000,1.9446,64.3445
[#segments]1046207
[TIME]6,32000000,33000000,1.8725,65.8166
[TIME]5,32000000,33000000,1.8753,65.8919
[TIME]2,32000000,33000000,1.8713,65.9291
[TIME]4,32000000,33000000,1.8718,65.9791
[TIME]1,32000000,33000000,1.8739,65.9914
[TIME]14,32000000,33000000,1.8693,65.9930
[TIME]3,32000000,33000000,1.8752,65.9993
[TIME]0,32000000,33000000,1.8740,66.0532
[TIME]10,32000000,33000000,1.8690,66.0670
[TIME]9,32000000,33000000,1.8689,66.0906
[TIME]7,32000000,33000000,1.8690,66.0938
[TIME]15,32000000,33000000,1.8731,66.1042
[TIME]11,32000000,33000000,1.8693,66.1251
[TIME]12,32000000,33000000,1.8674,66.1892
[TIME]13,32000000,33000000,1.8715,66.1905
[TIME]8,32000000,33000000,1.8712,66.2157
[#segments]1048358
[TIME]6,33000000,34000000,1.8519,67.6685
[TIME]5,33000000,34000000,1.8518,67.7437
[TIME]2,33000000,34000000,1.8518,67.7809
[TIME]4,33000000,34000000,1.8549,67.8340
[TIME]1,33000000,34000000,1.8539,67.8453
[TIME]14,33000000,34000000,1.8536,67.8466
[TIME]3,33000000,34000000,1.8559,67.8552
[TIME]0,33000000,34000000,1.8570,67.9102
[TIME]10,33000000,34000000,1.8555,67.9226
[TIME]9,33000000,34000000,1.8548,67.9454
[TIME]7,33000000,34000000,1.8585,67.9524
[TIME]15,33000000,34000000,1.8592,67.9634
[TIME]11,33000000,34000000,1.8576,67.9827
[TIME]12,33000000,34000000,1.8590,68.0482
[TIME]13,33000000,34000000,1.8583,68.0488
[TIME]8,33000000,34000000,1.8569,68.0726
[#segments]1048582
[TIME]6,34000000,35000000,1.8573,69.5258
[TIME]5,34000000,35000000,1.8602,69.6039
[TIME]2,34000000,35000000,1.8584,69.6394
[TIME]4,34000000,35000000,1.8599,69.6939
[TIME]1,34000000,35000000,1.8582,69.7035
[TIME]14,34000000,35000000,1.8595,69.7062
[TIME]3,34000000,35000000,1.8597,69.7149
[TIME]0,34000000,35000000,1.8618,69.7720
[TIME]10,34000000,35000000,1.8574,69.7800
[TIME]9,34000000,35000000,1.8562,69.8016
[TIME]7,34000000,35000000,1.8612,69.8135
[TIME]15,34000000,35000000,1.8591,69.8225
[TIME]11,34000000,35000000,1.8594,69.8421
[TIME]12,34000000,35000000,1.8601,69.9083
[TIME]13,34000000,35000000,1.8610,69.9098
[TIME]8,34000000,35000000,1.8580,69.9306
[#segments]1048623
[TIME]6,35000000,36000000,1.8614,71.3872
[TIME]5,35000000,36000000,1.8653,71.4692
[TIME]2,35000000,36000000,1.8630,71.5024
[TIME]4,35000000,36000000,1.8665,71.5604
[TIME]1,35000000,36000000,1.8651,71.5687
[TIME]14,35000000,36000000,1.8636,71.5698
[TIME]3,35000000,36000000,1.8666,71.5815
[TIME]0,35000000,36000000,1.8659,71.6379
[TIME]10,35000000,36000000,1.8653,71.6452
[TIME]9,35000000,36000000,1.8648,71.6664
[TIME]7,35000000,36000000,1.8683,71.6818
[TIME]15,35000000,36000000,1.8675,71.6900
[TIME]11,35000000,36000000,1.8676,71.7098
[TIME]12,35000000,36000000,1.8684,71.7767
[TIME]13,35000000,36000000,1.8691,71.7789
[TIME]8,35000000,36000000,1.8658,71.7964
[#segments]1048653
[TIME]6,36000000,37000000,1.8760,73.2632
[TIME]5,36000000,37000000,1.8770,73.3463
[TIME]2,36000000,37000000,1.8768,73.3792
[TIME]4,36000000,37000000,1.8785,73.4389
[TIME]14,36000000,37000000,1.8760,73.4458
[TIME]1,36000000,37000000,1.8780,73.4466
[TIME]3,36000000,37000000,1.8797,73.4612
[TIME]0,36000000,37000000,1.8813,73.5192
[TIME]10,36000000,37000000,1.8770,73.5222
[TIME]9,36000000,37000000,1.8752,73.5415
[TIME]7,36000000,37000000,1.8818,73.5636
[TIME]15,36000000,37000000,1.8798,73.5698
[TIME]11,36000000,37000000,1.8791,73.5889
[TIME]12,36000000,37000000,1.8831,73.6598
[TIME]13,36000000,37000000,1.8839,73.6627
[TIME]8,36000000,37000000,1.8795,73.6759
[#segments]1048713
[TIME]6,37000000,38000000,1.8825,75.1457
[TIME]5,37000000,38000000,1.8821,75.2284
[TIME]2,37000000,38000000,1.8830,75.2622
[TIME]4,37000000,38000000,1.8869,75.3258
[TIME]14,37000000,38000000,1.8835,75.3293
[TIME]1,37000000,38000000,1.8848,75.3314
[TIME]3,37000000,38000000,1.8875,75.3487
[TIME]0,37000000,38000000,1.8869,75.4061
[TIME]10,37000000,38000000,1.8858,75.4080
[TIME]9,37000000,38000000,1.8836,75.4251
[TIME]7,37000000,38000000,1.8873,75.4509
[TIME]15,37000000,38000000,1.8873,75.4570
[TIME]11,37000000,38000000,1.8871,75.4759
[TIME]12,37000000,38000000,1.8885,75.5483
[TIME]13,37000000,38000000,1.8892,75.5519
[TIME]8,37000000,38000000,1.8850,75.5609
[#segments]1048831
[TIME]6,38000000,39000000,1.8948,77.0405
[TIME]5,38000000,39000000,1.8948,77.1232
[TIME]2,38000000,39000000,1.8942,77.1564
[TIME]4,38000000,39000000,1.8971,77.2228
[TIME]14,38000000,39000000,1.8956,77.2249
[TIME]1,38000000,39000000,1.8979,77.2293
[TIME]3,38000000,39000000,1.8972,77.2458
[TIME]10,38000000,39000000,1.8966,77.3046
[TIME]0,38000000,39000000,1.9004,77.3065
[TIME]9,38000000,39000000,1.8973,77.3224
[TIME]7,38000000,39000000,1.9027,77.3536
[TIME]15,38000000,39000000,1.9016,77.3587
[TIME]11,38000000,39000000,1.9014,77.3773
[TIME]12,38000000,39000000,1.9025,77.4508
[TIME]13,38000000,39000000,1.9043,77.4562
[TIME]8,38000000,39000000,1.8981,77.4590
[#segments]1048996
[TIME]6,39000000,40000000,1.9053,78.9457
[TIME]5,39000000,40000000,1.9050,79.0282
[TIME]2,39000000,40000000,1.9060,79.0624
[TIME]14,39000000,40000000,1.9056,79.1305
[TIME]4,39000000,40000000,1.9091,79.1319
[TIME]1,39000000,40000000,1.9047,79.1340
[TIME]3,39000000,40000000,1.9081,79.1539
[TIME]10,39000000,40000000,1.9060,79.2106
[TIME]0,39000000,40000000,1.9095,79.2160
[TIME]9,39000000,40000000,1.9052,79.2275
[TIME]15,39000000,40000000,1.9080,79.2667
[TIME]7,39000000,40000000,1.9136,79.2671
[TIME]11,39000000,40000000,1.9082,79.2855
[TIME]12,39000000,40000000,1.9096,79.3604
[TIME]13,39000000,40000000,1.9105,79.3667
[TIME]8,39000000,40000000,1.9082,79.3672
[#segments]1049292
[TIME]6,40000000,41000000,1.9163,80.8621
[TIME]5,40000000,41000000,1.9156,80.9438
[TIME]2,40000000,41000000,1.9181,80.9805
[TIME]14,40000000,41000000,1.9172,81.0478
[TIME]4,40000000,41000000,1.9200,81.0518
[TIME]1,40000000,41000000,1.9195,81.0534
[TIME]3,40000000,41000000,1.9197,81.0736
[TIME]10,40000000,41000000,1.9193,81.1299
[TIME]0,40000000,41000000,1.9246,81.1406
[TIME]9,40000000,41000000,1.9190,81.1466
[TIME]15,40000000,41000000,1.9208,81.1875
[TIME]7,40000000,41000000,1.9230,81.1901
[TIME]11,40000000,41000000,1.9228,81.2083
[TIME]12,40000000,41000000,1.9231,81.2835
[TIME]8,40000000,41000000,1.9193,81.2865
[TIME]13,40000000,41000000,1.9240,81.2907
[#segments]1049812
[TIME]6,41000000,42000000,1.9341,82.7962
[TIME]5,41000000,42000000,1.9345,82.8783
[TIME]2,41000000,42000000,1.9368,82.9173
[TIME]14,41000000,42000000,1.9359,82.9837
[TIME]4,41000000,42000000,1.9376,82.9894
[TIME]1,41000000,42000000,1.9370,82.9905
[TIME]3,41000000,42000000,1.9387,83.0123
[TIME]10,41000000,42000000,1.9371,83.0670
[TIME]9,41000000,42000000,1.9337,83.0802
[TIME]0,41000000,42000000,1.9402,83.0809
[TIME]15,41000000,42000000,1.9399,83.1273
[TIME]7,41000000,42000000,1.9437,83.1339
[TIME]11,41000000,42000000,1.9412,83.1495
[TIME]12,41000000,42000000,1.9385,83.2220
[TIME]8,41000000,42000000,1.9399,83.2264
[TIME]13,41000000,42000000,1.9439,83.2346
[#segments]1050693
[TIME]6,42000000,43000000,1.9488,84.7450
[TIME]5,42000000,43000000,1.9451,84.8235
[TIME]2,42000000,43000000,1.9484,84.8657
[TIME]14,42000000,43000000,1.9486,84.9323
[TIME]1,42000000,43000000,1.9469,84.9374
[TIME]4,42000000,43000000,1.9493,84.9387
[TIME]3,42000000,43000000,1.9505,84.9627
[TIME]10,42000000,43000000,1.9475,85.0145
[TIME]9,42000000,43000000,1.9478,85.0280
[TIME]0,42000000,43000000,1.9564,85.0372
[TIME]15,42000000,43000000,1.9506,85.0780
[TIME]7,42000000,43000000,1.9576,85.0914
[TIME]11,42000000,43000000,1.9513,85.1008
[TIME]12,42000000,43000000,1.9521,85.1741
[TIME]8,42000000,43000000,1.9504,85.1768
[TIME]13,42000000,43000000,1.9552,85.1898
[#segments]1052077
[TIME]6,43000000,44000000,1.9706,86.7156
[TIME]5,43000000,44000000,1.9697,86.7932
[TIME]2,43000000,44000000,1.9754,86.8412
[TIME]14,43000000,44000000,1.9707,86.9030
[TIME]1,43000000,44000000,1.9715,86.9089
[TIME]4,43000000,44000000,1.9758,86.9145
[TIME]3,43000000,44000000,1.9738,86.9366
[TIME]10,43000000,44000000,1.9733,86.9878
[TIME]9,43000000,44000000,1.9709,86.9990
[TIME]0,43000000,44000000,1.9783,87.0156
[TIME]15,43000000,44000000,1.9790,87.0570
[TIME]7,43000000,44000000,1.9818,87.0732
[TIME]11,43000000,44000000,1.9767,87.0775
[TIME]12,43000000,44000000,1.9778,87.1519
[TIME]8,43000000,44000000,1.9760,87.1528
[TIME]13,43000000,44000000,1.9812,87.1710
[#segments]1054291
[TIME]6,44000000,45000000,1.9900,88.7056
[TIME]5,44000000,45000000,1.9906,88.7838
[TIME]2,44000000,45000000,1.9900,88.8312
[TIME]14,44000000,45000000,1.9909,88.8940
[TIME]1,44000000,45000000,1.9899,88.8988
[TIME]4,44000000,45000000,1.9950,88.9095
[TIME]3,44000000,45000000,1.9953,88.9319
[TIME]10,44000000,45000000,1.9921,88.9799
[TIME]9,44000000,45000000,1.9950,88.9939
[TIME]0,44000000,45000000,2.0012,89.0168
[TIME]15,44000000,45000000,1.9976,89.0547
[TIME]7,44000000,45000000,1.9981,89.0713
[TIME]11,44000000,45000000,1.9981,89.0756
[TIME]8,44000000,45000000,1.9964,89.1492
[TIME]12,44000000,45000000,1.9999,89.1518
[TIME]13,44000000,45000000,1.9987,89.1697
[#segments]1057717
[TIME]6,45000000,46000000,2.0175,90.7231
[TIME]5,45000000,46000000,2.0207,90.8045
[TIME]2,45000000,46000000,2.0228,90.8539
[TIME]14,45000000,46000000,2.0221,90.9161
[TIME]1,45000000,46000000,2.0266,90.9254
[TIME]4,45000000,46000000,2.0256,90.9351
[TIME]3,45000000,46000000,2.0245,90.9565
[TIME]10,45000000,46000000,2.0237,91.0036
[TIME]9,45000000,46000000,2.0262,91.0201
[TIME]0,45000000,46000000,2.0337,91.0505
[TIME]15,45000000,46000000,2.0288,91.0834
[TIME]7,45000000,46000000,2.0353,91.1066
[TIME]11,45000000,46000000,2.0318,91.1074
[TIME]8,45000000,46000000,2.0310,91.1801
[TIME]12,45000000,46000000,2.0324,91.1842
[TIME]13,45000000,46000000,2.0363,91.2060
[#segments]1063043
[TIME]6,46000000,47000000,2.0581,92.7812
[TIME]5,46000000,47000000,2.0568,92.8614
[TIME]2,46000000,47000000,2.0619,92.9158
[TIME]14,46000000,47000000,2.0661,92.9822
[TIME]1,46000000,47000000,2.0605,92.9859
[TIME]4,46000000,47000000,2.0625,92.9976
[TIME]3,46000000,47000000,2.0685,93.0249
[TIME]10,46000000,47000000,2.0660,93.0696
[TIME]9,46000000,47000000,2.0636,93.0837
[TIME]0,46000000,47000000,2.0670,93.1175
[TIME]15,46000000,47000000,2.0719,93.1554
[TIME]11,46000000,47000000,2.0708,93.1782
[TIME]7,46000000,47000000,2.0746,93.1812
[TIME]8,46000000,47000000,2.0695,93.2496
[TIME]12,46000000,47000000,2.0748,93.2590
[TIME]13,46000000,47000000,2.0766,93.2826
[#segments]1071431
[TIME]6,47000000,48000000,2.1055,94.8867
[TIME]5,47000000,48000000,2.1138,94.9752
[TIME]2,47000000,48000000,2.1171,95.0329
[TIME]14,47000000,48000000,2.1142,95.0964
[TIME]1,47000000,48000000,2.1150,95.1009
[TIME]4,47000000,48000000,2.1157,95.1133
[TIME]3,47000000,48000000,2.1209,95.1458
[TIME]10,47000000,48000000,2.1186,95.1882
[TIME]9,47000000,48000000,2.1176,95.2013
[TIME]0,47000000,48000000,2.1234,95.2410
[TIME]15,47000000,48000000,2.1190,95.2744
[TIME]11,47000000,48000000,2.1253,95.3035
[TIME]7,47000000,48000000,2.1302,95.3113
[TIME]8,47000000,48000000,2.1297,95.3793
[TIME]12,47000000,48000000,2.1205,95.3795
[TIME]13,47000000,48000000,2.1302,95.4128
[#segments]1084282
[TIME]6,48000000,49000000,2.1750,97.0618
[TIME]5,48000000,49000000,2.1852,97.1604
[TIME]2,48000000,49000000,2.1762,97.2092
[TIME]1,48000000,49000000,2.1821,97.2830
[TIME]14,48000000,49000000,2.1883,97.2847
[TIME]4,48000000,49000000,2.1903,97.3036
[TIME]3,48000000,49000000,2.1915,97.3373
[TIME]10,48000000,49000000,2.1916,97.3798
[TIME]9,48000000,49000000,2.1915,97.3928
[TIME]0,48000000,49000000,2.1944,97.4353
[TIME]15,48000000,49000000,2.1946,97.4689
[TIME]11,48000000,49000000,2.1918,97.4952
[TIME]7,48000000,49000000,2.1992,97.5105
[TIME]8,48000000,49000000,2.1910,97.5703
[TIME]12,48000000,49000000,2.1982,97.5777
[TIME]13,48000000,49000000,2.2033,97.6160
[#segments]1103375
[TIME]6,49000000,50000000,2.2556,99.3173
[TIME]5,49000000,50000000,2.2698,99.4302
[TIME]2,49000000,50000000,2.2678,99.4770
[TIME]1,49000000,50000000,2.2685,99.5515
[TIME]14,49000000,50000000,2.2678,99.5525
[TIME]4,49000000,50000000,2.2697,99.5734
[TIME]3,49000000,50000000,2.2741,99.6113
[TIME]10,49000000,50000000,2.2703,99.6501
[TIME]9,49000000,50000000,2.2750,99.6678
[TIME]0,49000000,50000000,2.2870,99.7223
[TIME]15,49000000,50000000,2.2770,99.7459
[TIME]11,49000000,50000000,2.2845,99.7798
[TIME]7,49000000,50000000,2.2795,99.7900
[TIME]8,49000000,50000000,2.2829,99.8532
[TIME]12,49000000,50000000,2.2821,99.8599
[TIME]13,49000000,50000000,2.2983,99.9143
[#segments]1131486
[TIME]6,50000000,51000000,2.3634,101.6807
[TIME]5,50000000,51000000,2.3648,101.7950
[TIME]2,50000000,51000000,2.3694,101.8463
[TIME]14,50000000,51000000,2.3646,101.9171
[TIME]1,50000000,51000000,2.3723,101.9238
[TIME]4,50000000,51000000,2.3774,101.9508
[TIME]3,50000000,51000000,2.3716,101.9829
[TIME]10,50000000,51000000,2.3808,102.0309
[TIME]9,50000000,51000000,2.3789,102.0466
[TIME]0,50000000,51000000,2.3752,102.0975
[TIME]15,50000000,51000000,2.3825,102.1284
[TIME]11,50000000,51000000,2.3870,102.1668
[TIME]7,50000000,51000000,2.3895,102.1796
[TIME]8,50000000,51000000,2.3878,102.2410
[TIME]12,50000000,51000000,2.3896,102.2495
[TIME]13,50000000,51000000,2.3899,102.3043
[#segments]1170484
[TIME]6,51000000,52000000,2.4830,104.1637
[TIME]5,51000000,52000000,2.4949,104.2900
[TIME]2,51000000,52000000,2.4933,104.3397
[TIME]14,51000000,52000000,2.4946,104.4117
[TIME]1,51000000,52000000,2.4941,104.4180
[TIME]4,51000000,52000000,2.4952,104.4460
[TIME]3,51000000,52000000,2.4923,104.4752
[TIME]10,51000000,52000000,2.4992,104.5301
[TIME]9,51000000,52000000,2.4969,104.5436
[TIME]0,51000000,52000000,2.5163,104.6137
[TIME]15,51000000,52000000,2.4980,104.6264
[TIME]11,51000000,52000000,2.5146,104.6813
[TIME]7,51000000,52000000,2.5168,104.6964
[TIME]12,51000000,52000000,2.5073,104.7568
[TIME]8,51000000,52000000,2.5205,104.7614
[TIME]13,51000000,52000000,2.5228,104.8271
[#segments]1224421
[TIME]6,52000000,53000000,2.6151,106.7788
[TIME]5,52000000,53000000,2.6132,106.9031
[TIME]2,52000000,53000000,2.6024,106.9420
[TIME]14,52000000,53000000,2.6326,107.0443
[TIME]1,52000000,53000000,2.6291,107.0471
[TIME]4,52000000,53000000,2.6264,107.0724
[TIME]3,52000000,53000000,2.6265,107.1017
[TIME]10,52000000,53000000,2.6267,107.1568
[TIME]9,52000000,53000000,2.6231,107.1667
[TIME]0,52000000,53000000,2.6298,107.2435
[TIME]15,52000000,53000000,2.6408,107.2673
[TIME]11,52000000,53000000,2.6434,107.3247
[TIME]7,52000000,53000000,2.6492,107.3456
[TIME]8,52000000,53000000,2.6311,107.3926
[TIME]12,52000000,53000000,2.6499,107.4067
[TIME]13,52000000,53000000,2.6411,107.4682
[#segments]1294924
[TIME]6,53000000,54000000,2.7447,109.5235
[TIME]5,53000000,54000000,2.7470,109.6501
[TIME]2,53000000,54000000,2.7598,109.7018
[TIME]14,53000000,54000000,2.7583,109.8026
[TIME]1,53000000,54000000,2.7625,109.8097
[TIME]4,53000000,54000000,2.7610,109.8334
[TIME]3,53000000,54000000,2.7538,109.8555
[TIME]10,53000000,54000000,2.7703,109.9271
[TIME]9,53000000,54000000,2.7616,109.9282
[TIME]0,53000000,54000000,2.7705,110.0141
[TIME]15,53000000,54000000,2.7824,110.0496
[TIME]11,53000000,54000000,2.7792,110.1039
[TIME]7,53000000,54000000,2.7906,110.1361
[TIME]8,53000000,54000000,2.7742,110.1668
[TIME]12,53000000,54000000,2.7836,110.1902
[TIME]13,53000000,54000000,2.7928,110.2610
[#segments]1383281
directory depth = 22
[TIME]6,54000000,55000000,3.0107,112.5342
[TIME]5,54000000,55000000,3.0317,112.6818
[TIME]2,54000000,55000000,3.0283,112.7301
[TIME]14,54000000,55000000,3.0299,112.8325
[TIME]1,54000000,55000000,3.0321,112.8417
[TIME]4,54000000,55000000,3.0278,112.8612
[TIME]3,54000000,55000000,3.0276,112.8832
[TIME]10,54000000,55000000,3.0222,112.9492
[TIME]9,54000000,55000000,3.0283,112.9565
[TIME]0,54000000,55000000,3.0459,113.0600
[TIME]15,54000000,55000000,3.0490,113.0986
[TIME]11,54000000,55000000,3.0529,113.1568
[TIME]7,54000000,55000000,3.0410,113.1771
[TIME]8,54000000,55000000,3.0311,113.1978
[TIME]12,54000000,55000000,3.0368,113.2270
[TIME]13,54000000,55000000,3.0668,113.3278
[#segments]1487665
[TIME]6,55000000,56000000,3.0158,115.5500
[TIME]5,55000000,56000000,3.0122,115.6939
[TIME]2,55000000,56000000,3.0080,115.7381
[TIME]14,55000000,56000000,3.0148,115.8472
[TIME]1,55000000,56000000,3.0154,115.8571
[TIME]4,55000000,56000000,3.0303,115.8915
[TIME]3,55000000,56000000,3.0301,115.9133
[TIME]9,55000000,56000000,3.0169,115.9734
[TIME]10,55000000,56000000,3.0245,115.9737
[TIME]0,55000000,56000000,3.0060,116.0661
[TIME]15,55000000,56000000,3.0067,116.1053
[TIME]11,55000000,56000000,3.0143,116.1712
[TIME]8,55000000,56000000,3.0150,116.2128
[TIME]7,55000000,56000000,3.0369,116.2140
[TIME]12,55000000,56000000,3.0120,116.2390
[TIME]13,55000000,56000000,3.0331,116.3609
[#segments]1602676
[TIME]6,56000000,57000000,3.0220,118.5721
[TIME]5,56000000,57000000,3.0305,118.7244
[TIME]2,56000000,57000000,3.0330,118.7711
[TIME]14,56000000,57000000,3.0179,118.8651
[TIME]1,56000000,57000000,3.0213,118.8784
[TIME]4,56000000,57000000,3.0237,118.9152
[TIME]3,56000000,57000000,3.0238,118.9371
[TIME]9,56000000,57000000,3.0012,118.9746
[TIME]10,56000000,57000000,3.0126,118.9864
[TIME]0,56000000,57000000,3.0021,119.0682
[TIME]15,56000000,57000000,3.0200,119.1254
[TIME]11,56000000,57000000,3.0035,119.1747
[TIME]8,56000000,57000000,3.0106,119.2234
[TIME]12,56000000,57000000,3.0211,119.2601
[TIME]7,56000000,57000000,3.0547,119.2687
[TIME]13,56000000,57000000,3.0089,119.3698
[#segments]1718372
[TIME]6,57000000,58000000,2.9391,121.5112
[TIME]5,57000000,58000000,2.9522,121.6766
[TIME]2,57000000,58000000,2.9564,121.7276
[TIME]1,57000000,58000000,2.9411,121.8195
[TIME]14,57000000,58000000,2.9592,121.8244
[TIME]4,57000000,58000000,2.9476,121.8627
[TIME]3,57000000,58000000,2.9434,121.8805
[TIME]9,57000000,58000000,2.9525,121.9272
[TIME]10,57000000,58000000,2.9423,121.9287
[TIME]0,57000000,58000000,2.9467,122.0149
[TIME]15,57000000,58000000,2.9370,122.0623
[TIME]11,57000000,58000000,2.9529,122.1276
[TIME]8,57000000,58000000,2.9201,122.1435
[TIME]12,57000000,58000000,2.9213,122.1814
[TIME]7,57000000,58000000,2.9266,122.1953
[TIME]13,57000000,58000000,2.9352,122.3050
[#segments]1827009
[TIME]6,58000000,59000000,2.8205,124.3317
[TIME]5,58000000,59000000,2.8091,124.4857
[TIME]2,58000000,59000000,2.8124,124.5400
[TIME]1,58000000,59000000,2.7901,124.6096
[TIME]14,58000000,59000000,2.7968,124.6212
[TIME]3,58000000,59000000,2.7781,124.6586
[TIME]4,58000000,59000000,2.8040,124.6668
[TIME]9,58000000,59000000,2.7903,124.7175
[TIME]10,58000000,59000000,2.7965,124.7252
[TIME]0,58000000,59000000,2.7876,124.8025
[TIME]15,58000000,59000000,2.7798,124.8422
[TIME]11,58000000,59000000,2.7817,124.9092
[TIME]8,58000000,59000000,2.7750,124.9184
[TIME]12,58000000,59000000,2.7728,124.9541
[TIME]7,58000000,59000000,2.7859,124.9812
[TIME]13,58000000,59000000,2.7598,125.0648
[#segments]1918887
[TIME]6,59000000,60000000,2.6082,126.9399
[TIME]5,59000000,60000000,2.5904,127.0761
[TIME]2,59000000,60000000,2.5883,127.1283
[TIME]14,59000000,60000000,2.5798,127.2010
[TIME]1,59000000,60000000,2.5946,127.2042
[TIME]4,59000000,60000000,2.5850,127.2518
[TIME]3,59000000,60000000,2.6014,127.2600
[TIME]9,59000000,60000000,2.5900,127.3075
[TIME]10,59000000,60000000,2.5887,127.3139
[TIME]0,59000000,60000000,2.5927,127.3952
[TIME]15,59000000,60000000,2.5778,127.4199
[TIME]11,59000000,60000000,2.5823,127.4916
[TIME]8,59000000,60000000,2.5827,127.5011
[TIME]12,59000000,60000000,2.5669,127.5210
[TIME]7,59000000,60000000,2.5623,127.5434
[TIME]13,59000000,60000000,2.5339,127.5987
[#segments]1988960
[TIME]6,60000000,61000000,2.4161,129.3560
[TIME]5,60000000,61000000,2.3953,129.4714
[TIME]2,60000000,61000000,2.3830,129.5114
[TIME]14,60000000,61000000,2.3688,129.5698
[TIME]1,60000000,61000000,2.3748,129.5790
[TIME]4,60000000,61000000,2.3709,129.6226
[TIME]3,60000000,61000000,2.3786,129.6385
[TIME]10,60000000,61000000,2.3633,129.6772
[TIME]9,60000000,61000000,2.3855,129.6930
[TIME]0,60000000,61000000,2.3662,129.7613
[TIME]15,60000000,61000000,2.3523,129.7723
[TIME]11,60000000,61000000,2.3612,129.8528
[TIME]8,60000000,61000000,2.3574,129.8585
[TIME]12,60000000,61000000,2.3526,129.8736
[TIME]7,60000000,61000000,2.3609,129.9043
[TIME]13,60000000,61000000,2.3495,129.9482
[#segments]2038311
[TIME]6,61000000,62000000,2.2006,131.5566
[TIME]5,61000000,62000000,2.2001,131.6715
[TIME]2,61000000,62000000,2.1919,131.7033
[TIME]14,61000000,62000000,2.1870,131.7568
[TIME]1,61000000,62000000,2.1887,131.7677
[TIME]4,61000000,62000000,2.1879,131.8105
[TIME]3,61000000,62000000,2.1851,131.8237
[TIME]10,61000000,62000000,2.1827,131.8599
[TIME]9,61000000,62000000,2.2002,131.8932
[TIME]0,61000000,62000000,2.1853,131.9466
[TIME]15,61000000,62000000,2.1886,131.9608
[TIME]11,61000000,62000000,2.1714,132.0242
[TIME]8,61000000,62000000,2.1710,132.0295
[TIME]12,61000000,62000000,2.1678,132.0413
[TIME]7,61000000,62000000,2.1772,132.0816
[TIME]13,61000000,62000000,2.1730,132.1212
[#segments]2068037
[TIME]6,62000000,63000000,2.0663,133.6230
[TIME]5,62000000,63000000,2.0599,133.7314
[TIME]2,62000000,63000000,2.0644,133.7677
[TIME]14,62000000,63000000,2.0538,133.8106
[TIME]1,62000000,63000000,2.0639,133.8316
[TIME]4,62000000,63000000,2.0660,133.8766
[TIME]3,62000000,63000000,2.0636,133.8873
[TIME]10,62000000,63000000,2.0577,133.9176
[TIME]9,62000000,63000000,2.0611,133.9543
[TIME]0,62000000,63000000,2.0555,134.0022
[TIME]15,62000000,63000000,2.0533,134.0142
[TIME]11,62000000,63000000,2.0426,134.0668
[TIME]8,62000000,63000000,2.0434,134.0729
[TIME]12,62000000,63000000,2.0490,134.0903
[TIME]7,62000000,63000000,2.0418,134.1234
[TIME]13,62000000,63000000,2.0490,134.1702
[#segments]2084379
[TIME]6,63000000,64000000,1.9853,135.6083
[TIME]5,63000000,64000000,1.9823,135.7138
[TIME]2,63000000,64000000,1.9861,135.7538
[TIME]14,63000000,64000000,1.9800,135.7907
[TIME]1,63000000,64000000,1.9890,135.8205
[TIME]4,63000000,64000000,1.9811,135.8576
[TIME]3,63000000,64000000,1.9795,135.8667
[TIME]10,63000000,64000000,1.9781,135.8957
[TIME]9,63000000,64000000,1.9879,135.9422
[TIME]0,63000000,64000000,1.9807,135.9829
[TIME]15,63000000,64000000,1.9815,135.9957
[TIME]8,63000000,64000000,1.9733,136.0462
[TIME]11,63000000,64000000,1.9820,136.0488
[TIME]12,63000000,64000000,1.9760,136.0663
[TIME]7,63000000,64000000,1.9805,136.1039
[TIME]13,63000000,64000000,1.9827,136.1529
[#segments]2092229
[TIME]6,64000000,65000000,1.9427,137.5510
[TIME]5,64000000,65000000,1.9399,137.6537
[TIME]2,64000000,65000000,1.9391,137.6929
[TIME]14,64000000,65000000,1.9413,137.7320
[TIME]1,64000000,65000000,1.9409,137.7615
[TIME]4,64000000,65000000,1.9409,137.7986
[TIME]3,64000000,65000000,1.9407,137.8074
[TIME]10,64000000,65000000,1.9407,137.8364
[TIME]9,64000000,65000000,1.9497,137.8919
[TIME]0,64000000,65000000,1.9426,137.9255
[TIME]15,64000000,65000000,1.9368,137.9325
[TIME]8,64000000,65000000,1.9380,137.9842
[TIME]11,64000000,65000000,1.9387,137.9875
[TIME]12,64000000,65000000,1.9374,138.0037
[TIME]7,64000000,65000000,1.9431,138.0470
[TIME]13,64000000,65000000,1.9430,138.0959
[#segments]2095470
[TIME]6,65000000,66000000,1.9168,139.4678
[TIME]5,65000000,66000000,1.9174,139.5711
[TIME]2,65000000,66000000,1.9185,139.6114
[TIME]14,65000000,66000000,1.9163,139.6483
[TIME]1,65000000,66000000,1.9201,139.6816
[TIME]4,65000000,66000000,1.9235,139.7221
[TIME]3,65000000,66000000,1.9203,139.7278
[TIME]10,65000000,66000000,1.9171,139.7535
[TIME]9,65000000,66000000,1.9183,139.8102
[TIME]0,65000000,66000000,1.9217,139.8472
[TIME]15,65000000,66000000,1.9170,139.8495
[TIME]8,65000000,66000000,1.9176,139.9018
[TIME]11,65000000,66000000,1.9184,139.9059
[TIME]12,65000000,66000000,1.9175,139.9212
[TIME]7,65000000,66000000,1.9189,139.9659
[TIME]13,65000000,66000000,1.9243,140.0202
[#segments]2096681
[TIME]6,66000000,67000000,1.9128,141.3805
[TIME]5,66000000,67000000,1.9112,141.4823
[TIME]2,66000000,67000000,1.9114,141.5228
[TIME]14,66000000,67000000,1.9126,141.5609
[TIME]1,66000000,67000000,1.9128,141.5944
[TIME]4,66000000,67000000,1.9145,141.6365
[TIME]3,66000000,67000000,1.9148,141.6426
[TIME]10,66000000,67000000,1.9130,141.6665
[TIME]9,66000000,67000000,1.9152,141.7254
[TIME]15,66000000,67000000,1.9135,141.7630
[TIME]0,66000000,67000000,1.9168,141.7640
[TIME]8,66000000,67000000,1.9142,141.8160
[TIME]11,66000000,67000000,1.9135,141.8195
[TIME]12,66000000,67000000,1.9116,141.8328
[TIME]7,66000000,67000000,1.9194,141.8853
[TIME]13,66000000,67000000,1.9215,141.9417
[#segments]2097063
[TIME]6,67000000,68000000,1.9105,143.2911
[TIME]5,67000000,68000000,1.9117,143.3939
[TIME]2,67000000,68000000,1.9132,143.4360
[TIME]14,67000000,68000000,1.9129,143.4738
[TIME]1,67000000,68000000,1.9161,143.5105
[TIME]4,67000000,68000000,1.9168,143.5533
[TIME]3,67000000,68000000,1.9152,143.5578
[TIME]10,67000000,68000000,1.9146,143.5811
[TIME]9,67000000,68000000,1.9170,143.6424
[TIME]15,67000000,68000000,1.9175,143.6805
[TIME]0,67000000,68000000,1.9182,143.6823
[TIME]8,67000000,68000000,1.9139,143.7299
[TIME]11,67000000,68000000,1.9173,143.7368
[TIME]12,67000000,68000000,1.9125,143.7453
[TIME]7,67000000,68000000,1.9176,143.8028
[TIME]13,67000000,68000000,1.9229,143.8646
[#segments]2097175
[TIME]6,68000000,69000000,1.9133,145.2044
[TIME]5,68000000,69000000,1.9130,145.3069
[TIME]2,68000000,69000000,1.9150,145.3510
[TIME]14,68000000,69000000,1.9144,145.3882
[TIME]1,68000000,69000000,1.9150,145.4255
[TIME]4,68000000,69000000,1.9167,145.4700
[TIME]3,68000000,69000000,1.9158,145.4736
[TIME]10,68000000,69000000,1.9140,145.4951
[TIME]9,68000000,69000000,1.9169,145.5593
[TIME]15,68000000,69000000,1.9181,145.5985
[TIME]0,68000000,69000000,1.9185,145.6008
[TIME]8,68000000,69000000,1.9154,145.6453
[TIME]11,68000000,69000000,1.9165,145.6533
[TIME]12,68000000,69000000,1.9143,145.6595
[TIME]7,68000000,69000000,1.9196,145.7224
[TIME]13,68000000,69000000,1.9222,145.7868
[#segments]2097221
[TIME]6,69000000,70000000,1.9227,147.1271
[TIME]5,69000000,70000000,1.9218,147.2288
[TIME]2,69000000,70000000,1.9217,147.2727
[TIME]14,69000000,70000000,1.9206,147.3089
[TIME]1,69000000,70000000,1.9228,147.3483
[TIME]4,69000000,70000000,1.9245,147.3944
[TIME]3,69000000,70000000,1.9231,147.3968
[TIME]10,69000000,70000000,1.9239,147.4190
[TIME]9,69000000,70000000,1.9275,147.4868
[TIME]15,69000000,70000000,1.9250,147.5236
[TIME]0,69000000,70000000,1.9256,147.5264
[TIME]8,69000000,70000000,1.9243,147.5697
[TIME]11,69000000,70000000,1.9253,147.5786
[TIME]12,69000000,70000000,1.9216,147.5811
[TIME]7,69000000,70000000,1.9279,147.6503
[TIME]13,69000000,70000000,1.9279,147.7147
[#segments]2097255
[TIME]6,70000000,71000000,1.9203,149.0473
[TIME]5,70000000,71000000,1.9227,149.1514
[TIME]2,70000000,71000000,1.9218,149.1945
[TIME]14,70000000,71000000,1.9216,149.2305
[TIME]1,70000000,71000000,1.9225,149.2708
[TIME]4,70000000,71000000,1.9242,149.3186
[TIME]3,70000000,71000000,1.9222,149.3190
[TIME]10,70000000,71000000,1.9237,149.3427
[TIME]9,70000000,71000000,1.9287,149.4155
[TIME]15,70000000,71000000,1.9257,149.4493
[TIME]0,70000000,71000000,1.9276,149.4540
[TIME]8,70000000,71000000,1.9237,149.4934
[TIME]12,70000000,71000000,1.9211,149.5022
[TIME]11,70000000,71000000,1.9245,149.5031
[TIME]7,70000000,71000000,1.9267,149.5770
[TIME]13,70000000,71000000,1.9276,149.6422
[#segments]2097286
[TIME]6,71000000,72000000,1.9271,150.9744
[TIME]5,71000000,72000000,1.9274,151.0789
[TIME]2,71000000,72000000,1.9280,151.1225
[TIME]14,71000000,72000000,1.9285,151.1590
[TIME]1,71000000,72000000,1.9302,151.2010
[TIME]3,71000000,72000000,1.9305,151.2495
[TIME]4,71000000,72000000,1.9323,151.2510
[TIME]10,71000000,72000000,1.9343,151.2770
[TIME]9,71000000,72000000,1.9350,151.3505
[TIME]15,71000000,72000000,1.9342,151.3835
[TIME]0,71000000,72000000,1.9360,151.3900
[TIME]8,71000000,72000000,1.9336,151.4270
[TIME]12,71000000,72000000,1.9330,151.4352
[TIME]11,71000000,72000000,1.9335,151.4366
[TIME]7,71000000,72000000,1.9383,151.5153
[TIME]13,71000000,72000000,1.9400,151.5822
[#segments]2097338
[TIME]6,72000000,73000000,1.9339,152.9083
[TIME]5,72000000,73000000,1.9336,153.0125
[TIME]2,72000000,73000000,1.9329,153.0554
[TIME]14,72000000,73000000,1.9323,153.0913
[TIME]1,72000000,73000000,1.9337,153.1348
[TIME]3,72000000,73000000,1.9338,153.1833
[TIME]4,72000000,73000000,1.9352,153.1862
[TIME]10,72000000,73000000,1.9318,153.2088
[TIME]9,72000000,73000000,1.9405,153.2909
[TIME]15,72000000,73000000,1.9353,153.3188
[TIME]0,72000000,73000000,1.9365,153.3265
[TIME]8,72000000,73000000,1.9334,153.3604
[TIME]12,72000000,73000000,1.9300,153.3653
[TIME]11,72000000,73000000,1.9361,153.3727
[TIME]7,72000000,73000000,1.9352,153.4506
[TIME]13,72000000,73000000,1.9412,153.5234
[#segments]2097396
[TIME]6,73000000,74000000,1.9323,154.8406
[TIME]5,73000000,74000000,1.9341,154.9466
[TIME]2,73000000,74000000,1.9349,154.9903
[TIME]14,73000000,74000000,1.9353,155.0267
[TIME]1,73000000,74000000,1.9388,155.0736
[TIME]3,73000000,74000000,1.9382,155.1214
[TIME]4,73000000,74000000,1.9390,155.1252
[TIME]10,73000000,74000000,1.9372,155.1460
[TIME]9,73000000,74000000,1.9432,155.2342
[TIME]15,73000000,74000000,1.9412,155.2600
[TIME]0,73000000,74000000,1.9415,155.2680
[TIME]8,73000000,74000000,1.9389,155.2993
[TIME]12,73000000,74000000,1.9378,155.3031
[TIME]11,73000000,74000000,1.9394,155.3121
[TIME]7,73000000,74000000,1.9407,155.3912
[TIME]13,73000000,74000000,1.9456,155.4690
[#segments]2097489
[TIME]6,74000000,75000000,1.9414,156.7820
[TIME]5,74000000,75000000,1.9406,156.8872
[TIME]2,74000000,75000000,1.9400,156.9303
[TIME]14,74000000,75000000,1.9366,156.9633
[TIME]1,74000000,75000000,1.9340,157.0076
[TIME]3,74000000,75000000,1.9274,157.0489
[TIME]4,74000000,75000000,1.9289,157.0540
[TIME]10,74000000,75000000,1.9227,157.0687
[TIME]9,74000000,75000000,1.9098,157.1440
[TIME]15,74000000,75000000,1.9046,157.1646
[TIME]0,74000000,75000000,1.9033,157.1714
[TIME]8,74000000,75000000,1.8931,157.1924
[TIME]12,74000000,75000000,1.8899,157.1929
[TIME]11,74000000,75000000,1.8899,157.2020
[TIME]7,74000000,75000000,1.8644,157.2556
[TIME]13,74000000,75000000,1.8338,157.3028
[#segments]2097575
Current # of Segments 2097574 
Current # of Segments 2097575 
Current # of Segments 2097575 
Current # of Segments 2097575 
Current # of Segments 2097575 
Current # of Segments 2097575 
Current # of Segments 2097575 
Current # of Segments 2097575 
Current # of Segments 2097575 
Current # of Segments 2097575 
Current # of Segments 2097575 
Current # of Segments 2097575 
Current # of Segments 2097575 
Current # of Segments 2097575 
Current # of Segments 2097575 
Current # of Segments 2097575 
[Report]1200000000 operations, 158.25 real_elapsed 
dimm_num = 6 
DIMM0 | Read from IMC | Write from IMC |  Read DIMM  |  Write DIMM  |   RA   |   WA   |
  MB  |     115571.43 |       57673.69 |   265363.38 |    165699.23 |   2.30 |   2.87 |
DIMM1 | Read from IMC | Write from IMC |  Read DIMM  |  Write DIMM  |   RA   |   WA   |
  MB  |     115563.69 |       57669.67 |   265876.56 |    165833.44 |   2.30 |   2.88 |
DIMM2 | Read from IMC | Write from IMC |  Read DIMM  |  Write DIMM  |   RA   |   WA   |
  MB  |     115573.09 |       57668.42 |   264535.62 |    165337.89 |   2.29 |   2.87 |
DIMM3 | Read from IMC | Write from IMC |  Read DIMM  |  Write DIMM  |   RA   |   WA   |
  MB  |      71148.23 |       34557.51 |   131557.47 |     72534.22 |   1.85 |   2.10 |
DIMM4 | Read from IMC | Write from IMC |  Read DIMM  |  Write DIMM  |   RA   |   WA   |
  MB  |      71151.88 |       34557.61 |   131547.84 |     72547.95 |   1.85 |   2.10 |
DIMM5 | Read from IMC | Write from IMC |  Read DIMM  |  Write DIMM  |   RA   |   WA   |
  MB  |      71175.63 |       34560.51 |   131172.64 |     72345.44 |   1.84 |   2.09 |
*SUM* | DIMM-R:  7485.6 MB/s. User-R:  3523.7 MB/s   | DIMM-W:  4493.1 MB/s, User-W:  1740.4 MB/s. Time: 158.98s
*SUMSUM* | DIMM-R: 1190053.5 MB| User-R: 560183.9 MB   | DIMM-W: 714298.1 MB | User-W: 276687.4 MB | Time: 158.98s
[32mDestroy IPMWatcher.
[0m
