initialsize = 16384
directory depth = 14
key trace size: 1200000000
Randomize the trace...reads_ = 1200000000 
------------------------------------------------
HashType:              CCEH
Current # of Segments 16384 
Init Capacity:         16777216
Entries:               1200000000
Trace size:            1200000000
Read:                  0 
Write:                 1000000 
Thread:                16 
Report interval:       0 s
Stats interval:        1000000 records
benchmarks:            load
------------------------------------------------
[32mStart IPMWatcher for load
[0mthread 13, between 975000000 - 1050000000
thread  9, between 675000000 - 750000000
thread 10, between 750000000 - 825000000
thread 11, between 825000000 - 900000000
thread 12, between 900000000 - 975000000
thread 14, between 1050000000 - 1125000000
thread  7, between 525000000 - 600000000
thread  8, between 600000000 - 675000000
thread  0, between 0 - 75000000
thread  4, between 300000000 - 375000000
thread  1, between 75000000 - 150000000
thread  2, between 150000000 - 225000000
thread  3, between 225000000 - 300000000
thread  6, between 450000000 - 525000000
thread 15, between 1125000000 - 1200000000
thread  5, between 375000000 - 450000000
directory depth = 15
[TIME]7,0,1000000,1.1039,1.1039
[TIME]12,0,1000000,1.1048,1.1048
[TIME]4,0,1000000,1.1054,1.1054
[TIME]13,0,1000000,1.1070,1.1070
[TIME]5,0,1000000,1.1069,1.1069
[TIME]9,0,1000000,1.1075,1.1075
[TIME]3,0,1000000,1.1078,1.1078
[TIME]15,0,1000000,1.1091,1.1091
[TIME]0,0,1000000,1.1104,1.1104
[TIME]6,0,1000000,1.1104,1.1104
[TIME]8,0,1000000,1.1110,1.1110
[TIME]10,0,1000000,1.1117,1.1117
[TIME]14,0,1000000,1.1128,1.1128
[TIME]1,0,1000000,1.1130,1.1130
[TIME]2,0,1000000,1.1134,1.1134
[TIME]11,0,1000000,1.1151,1.1151
directory depth = 16
[TIME]7,1000000,2000000,1.5221,2.6260
[TIME]3,1000000,2000000,1.5212,2.6289
[TIME]13,1000000,2000000,1.5225,2.6295
[TIME]10,1000000,2000000,1.5186,2.6303
[TIME]12,1000000,2000000,1.5261,2.6309
[TIME]5,1000000,2000000,1.5242,2.6311
[TIME]1,1000000,2000000,1.5208,2.6338
[TIME]9,1000000,2000000,1.5275,2.6350
[TIME]6,1000000,2000000,1.5287,2.6391
[TIME]11,1000000,2000000,1.5242,2.6393
[TIME]8,1000000,2000000,1.5288,2.6398
[TIME]0,1000000,2000000,1.5300,2.6404
[TIME]15,1000000,2000000,1.5317,2.6408
[TIME]4,1000000,2000000,1.5379,2.6433
[TIME]2,1000000,2000000,1.5300,2.6434
[TIME]14,1000000,2000000,1.5380,2.6508
directory depth = 17
[TIME]7,2000000,3000000,1.4008,4.0268
[TIME]12,2000000,3000000,1.4037,4.0346
[TIME]3,2000000,3000000,1.4063,4.0352
[TIME]13,2000000,3000000,1.4064,4.0359
[TIME]1,2000000,3000000,1.4046,4.0384
[TIME]10,2000000,3000000,1.4089,4.0392
[TIME]5,2000000,3000000,1.4093,4.0404
[TIME]9,2000000,3000000,1.4082,4.0432
[TIME]0,2000000,3000000,1.4045,4.0449
[TIME]8,2000000,3000000,1.4067,4.0465
[TIME]6,2000000,3000000,1.4112,4.0503
[TIME]11,2000000,3000000,1.4116,4.0509
[TIME]15,2000000,3000000,1.4138,4.0546
[TIME]2,2000000,3000000,1.4137,4.0571
[TIME]4,2000000,3000000,1.4145,4.0578
[TIME]14,2000000,3000000,1.4132,4.0640
[TIME]13,3000000,4000000,2.0614,6.0973
[TIME]7,3000000,4000000,2.0712,6.0980
[TIME]12,3000000,4000000,2.0647,6.0993
[TIME]3,3000000,4000000,2.0690,6.1041
[TIME]0,3000000,4000000,2.0605,6.1054
[TIME]9,3000000,4000000,2.0639,6.1072
[TIME]11,3000000,4000000,2.0623,6.1133
[TIME]15,3000000,4000000,2.0591,6.1136
[TIME]1,3000000,4000000,2.0759,6.1144
[TIME]10,3000000,4000000,2.0754,6.1146
[TIME]6,3000000,4000000,2.0666,6.1169
[TIME]5,3000000,4000000,2.0808,6.1212
[TIME]14,3000000,4000000,2.0583,6.1223
[TIME]8,3000000,4000000,2.0829,6.1293
[TIME]2,3000000,4000000,2.0756,6.1327
[TIME]4,3000000,4000000,2.0776,6.1354
directory depth = 18
[TIME]7,4000000,5000000,1.5079,7.6059
[TIME]13,4000000,5000000,1.5101,7.6073
[TIME]12,4000000,5000000,1.5095,7.6088
[TIME]0,4000000,5000000,1.5058,7.6112
[TIME]9,4000000,5000000,1.5058,7.6130
[TIME]3,4000000,5000000,1.5173,7.6214
[TIME]11,4000000,5000000,1.5104,7.6237
[TIME]1,4000000,5000000,1.5095,7.6239
[TIME]15,4000000,5000000,1.5142,7.6279
[TIME]10,4000000,5000000,1.5150,7.6296
[TIME]6,4000000,5000000,1.5130,7.6299
[TIME]5,4000000,5000000,1.5128,7.6340
[TIME]14,4000000,5000000,1.5156,7.6379
[TIME]8,4000000,5000000,1.5104,7.6398
[TIME]2,4000000,5000000,1.5128,7.6455
[TIME]4,4000000,5000000,1.5186,7.6539
[TIME]7,5000000,6000000,1.6266,9.2324
[TIME]13,5000000,6000000,1.6271,9.2344
[TIME]12,5000000,6000000,1.6258,9.2346
[TIME]0,5000000,6000000,1.6268,9.2380
[TIME]9,5000000,6000000,1.6276,9.2406
[TIME]3,5000000,6000000,1.6293,9.2507
[TIME]1,5000000,6000000,1.6289,9.2528
[TIME]11,5000000,6000000,1.6360,9.2597
[TIME]15,5000000,6000000,1.6331,9.2609
[TIME]10,5000000,6000000,1.6334,9.2630
[TIME]6,5000000,6000000,1.6399,9.2698
[TIME]5,5000000,6000000,1.6394,9.2733
[TIME]8,5000000,6000000,1.6354,9.2752
[TIME]14,5000000,6000000,1.6375,9.2754
[TIME]2,5000000,6000000,1.6383,9.2838
[TIME]4,5000000,6000000,1.6361,9.2900
[TIME]12,6000000,7000000,2.2055,11.4401
[TIME]0,6000000,7000000,2.2078,11.4458
[TIME]13,6000000,7000000,2.2161,11.4505
[TIME]9,6000000,7000000,2.2193,11.4599
[TIME]3,6000000,7000000,2.2113,11.4620
[TIME]1,6000000,7000000,2.2349,11.4877
[TIME]15,6000000,7000000,2.2293,11.4902
[TIME]7,6000000,7000000,2.2581,11.4905
[TIME]10,6000000,7000000,2.2373,11.5003
[TIME]11,6000000,7000000,2.2454,11.5050
[TIME]14,6000000,7000000,2.2315,11.5070
[TIME]8,6000000,7000000,2.2448,11.5200
[TIME]2,6000000,7000000,2.2488,11.5326
[TIME]5,6000000,7000000,2.2658,11.5392
[TIME]6,6000000,7000000,2.2739,11.5437
[TIME]4,6000000,7000000,2.2685,11.5585
directory depth = 19
[TIME]12,7000000,8000000,2.1953,13.6354
[TIME]0,7000000,8000000,2.1981,13.6439
[TIME]9,7000000,8000000,2.1857,13.6456
[TIME]13,7000000,8000000,2.1972,13.6477
[TIME]3,7000000,8000000,2.1916,13.6536
[TIME]15,7000000,8000000,2.1712,13.6614
[TIME]1,7000000,8000000,2.1777,13.6654
[TIME]10,7000000,8000000,2.1729,13.6732
[TIME]11,7000000,8000000,2.1696,13.6746
[TIME]7,7000000,8000000,2.1928,13.6833
[TIME]14,7000000,8000000,2.1799,13.6868
[TIME]2,7000000,8000000,2.1620,13.6946
[TIME]8,7000000,8000000,2.1893,13.7093
[TIME]6,7000000,8000000,2.1752,13.7189
[TIME]5,7000000,8000000,2.1803,13.7194
[TIME]4,7000000,8000000,2.1731,13.7316
[TIME]12,8000000,9000000,1.6079,15.2434
[TIME]9,8000000,9000000,1.6037,15.2493
[TIME]0,8000000,9000000,1.6078,15.2517
[TIME]13,8000000,9000000,1.6095,15.2573
[TIME]3,8000000,9000000,1.6093,15.2629
[TIME]1,8000000,9000000,1.6023,15.2677
[TIME]15,8000000,9000000,1.6080,15.2694
[TIME]11,8000000,9000000,1.6036,15.2782
[TIME]10,8000000,9000000,1.6065,15.2797
[TIME]7,8000000,9000000,1.6087,15.2920
[TIME]14,8000000,9000000,1.6105,15.2974
[TIME]2,8000000,9000000,1.6061,15.3007
[TIME]8,8000000,9000000,1.6100,15.3193
[TIME]6,8000000,9000000,1.6063,15.3252
[TIME]5,8000000,9000000,1.6066,15.3260
[TIME]4,8000000,9000000,1.6102,15.3419
[TIME]12,9000000,10000000,1.6381,16.8815
[TIME]9,9000000,10000000,1.6388,16.8881
[TIME]0,9000000,10000000,1.6422,16.8939
[TIME]13,9000000,10000000,1.6421,16.8994
[TIME]1,9000000,10000000,1.6390,16.9067
[TIME]15,9000000,10000000,1.6414,16.9108
[TIME]3,9000000,10000000,1.6486,16.9115
[TIME]11,9000000,10000000,1.6410,16.9192
[TIME]10,9000000,10000000,1.6446,16.9243
[TIME]7,9000000,10000000,1.6452,16.9373
[TIME]14,9000000,10000000,1.6441,16.9414
[TIME]2,9000000,10000000,1.6414,16.9421
[TIME]8,9000000,10000000,1.6482,16.9675
[TIME]6,9000000,10000000,1.6445,16.9697
[TIME]5,9000000,10000000,1.6444,16.9704
[TIME]4,9000000,10000000,1.6465,16.9884
[TIME]12,10000000,11000000,1.6882,18.5697
[TIME]9,10000000,11000000,1.6859,18.5740
[TIME]0,10000000,11000000,1.6901,18.5840
[TIME]13,10000000,11000000,1.6906,18.5899
[TIME]1,10000000,11000000,1.6840,18.5908
[TIME]15,10000000,11000000,1.6866,18.5974
[TIME]3,10000000,11000000,1.6899,18.6014
[TIME]11,10000000,11000000,1.6899,18.6092
[TIME]10,10000000,11000000,1.6943,18.6186
[TIME]7,10000000,11000000,1.6917,18.6290
[TIME]2,10000000,11000000,1.6897,18.6318
[TIME]14,10000000,11000000,1.6948,18.6362
[TIME]5,10000000,11000000,1.6903,18.6608
[TIME]6,10000000,11000000,1.6932,18.6629
[TIME]8,10000000,11000000,1.6972,18.6647
[TIME]4,10000000,11000000,1.6974,18.6857
[TIME]12,11000000,12000000,1.7967,20.3664
[TIME]9,11000000,12000000,1.7939,20.3680
[TIME]1,11000000,12000000,1.7920,20.3828
[TIME]0,11000000,12000000,1.7992,20.3832
[TIME]13,11000000,12000000,1.7951,20.3851
[TIME]15,11000000,12000000,1.7922,20.3897
[TIME]3,11000000,12000000,1.7993,20.4007
[TIME]11,11000000,12000000,1.7958,20.4050
[TIME]10,11000000,12000000,1.7984,20.4170
[TIME]7,11000000,12000000,1.8042,20.4332
[TIME]2,11000000,12000000,1.8028,20.4346
[TIME]14,11000000,12000000,1.8049,20.4411
[TIME]5,11000000,12000000,1.8011,20.4619
[TIME]6,11000000,12000000,1.8048,20.4677
[TIME]8,11000000,12000000,1.8097,20.4744
[TIME]4,11000000,12000000,1.8076,20.4933
[TIME]9,12000000,13000000,2.0849,22.4529
[TIME]1,12000000,13000000,2.0708,22.4536
[TIME]12,12000000,13000000,2.0904,22.4568
[TIME]13,12000000,13000000,2.0771,22.4621
[TIME]0,12000000,13000000,2.0816,22.4648
[TIME]15,12000000,13000000,2.0766,22.4663
[TIME]3,12000000,13000000,2.0750,22.4757
[TIME]11,12000000,13000000,2.0904,22.4954
[TIME]2,12000000,13000000,2.0850,22.5197
[TIME]10,12000000,13000000,2.1070,22.5240
[TIME]14,12000000,13000000,2.0917,22.5328
[TIME]7,12000000,13000000,2.1054,22.5385
[TIME]5,12000000,13000000,2.1060,22.5679
[TIME]6,12000000,13000000,2.1213,22.5889
[TIME]8,12000000,13000000,2.1262,22.6007
[TIME]4,12000000,13000000,2.1392,22.6325
[TIME]1,13000000,14000000,2.5525,25.0061
[TIME]0,13000000,14000000,2.5598,25.0246
[TIME]3,13000000,14000000,2.5496,25.0253
[TIME]15,13000000,14000000,2.5659,25.0322
[TIME]9,13000000,14000000,2.6020,25.0549
[TIME]12,13000000,14000000,2.6100,25.0668
[TIME]13,13000000,14000000,2.6193,25.0814
[TIME]2,13000000,14000000,2.5740,25.0937
[TIME]11,13000000,14000000,2.6118,25.1072
[TIME]14,13000000,14000000,2.5757,25.1085
[TIME]10,13000000,14000000,2.6273,25.1512
[TIME]7,13000000,14000000,2.6211,25.1596
[TIME]5,13000000,14000000,2.6322,25.2001
[TIME]6,13000000,14000000,2.6223,25.2113
[TIME]8,13000000,14000000,2.6437,25.2444
[TIME]4,13000000,14000000,2.6454,25.2779
[TIME]1,14000000,15000000,2.5266,27.5327
[TIME]0,14000000,15000000,2.5335,27.5582
[TIME]3,14000000,15000000,2.5403,27.5655
[TIME]15,14000000,15000000,2.5513,27.5834
[TIME]2,14000000,15000000,2.5185,27.6122
[TIME]9,14000000,15000000,2.5772,27.6321
[TIME]12,14000000,15000000,2.5867,27.6535
[TIME]13,14000000,15000000,2.5929,27.6743
[TIME]11,14000000,15000000,2.5771,27.6843
[TIME]14,14000000,15000000,2.5766,27.6852
[TIME]10,14000000,15000000,2.5603,27.7116
[TIME]7,14000000,15000000,2.5804,27.7400
[TIME]5,14000000,15000000,2.5495,27.7496
[TIME]6,14000000,15000000,2.5719,27.7832
[TIME]8,14000000,15000000,2.5640,27.8083
directory depth = 20
[TIME]4,14000000,15000000,2.5813,27.8592
[TIME]1,15000000,16000000,2.0299,29.5626
[TIME]0,15000000,16000000,2.0298,29.5880
[TIME]3,15000000,16000000,2.0225,29.5880
[TIME]15,15000000,16000000,2.0408,29.6242
[TIME]2,15000000,16000000,2.0132,29.6254
[TIME]9,15000000,16000000,2.0190,29.6511
[TIME]12,15000000,16000000,2.0192,29.6727
[TIME]13,15000000,16000000,2.0137,29.6880
[TIME]14,15000000,16000000,2.0063,29.6915
[TIME]11,15000000,16000000,2.0145,29.6988
[TIME]10,15000000,16000000,2.0130,29.7245
[TIME]7,15000000,16000000,2.0059,29.7458
[TIME]5,15000000,16000000,1.9975,29.7471
[TIME]6,15000000,16000000,1.9978,29.7809
[TIME]8,15000000,16000000,1.9980,29.8064
[TIME]4,15000000,16000000,1.9607,29.8199
[TIME]1,16000000,17000000,1.7575,31.3201
[TIME]3,16000000,17000000,1.7526,31.3407
[TIME]0,16000000,17000000,1.7576,31.3456
[TIME]15,16000000,17000000,1.7582,31.3824
[TIME]2,16000000,17000000,1.7572,31.3826
[TIME]9,16000000,17000000,1.7544,31.4055
[TIME]12,16000000,17000000,1.7570,31.4297
[TIME]13,16000000,17000000,1.7569,31.4448
[TIME]14,16000000,17000000,1.7546,31.4461
[TIME]11,16000000,17000000,1.7557,31.4544
[TIME]10,16000000,17000000,1.7549,31.4794
[TIME]5,16000000,17000000,1.7549,31.5020
[TIME]7,16000000,17000000,1.7572,31.5030
[TIME]6,16000000,17000000,1.7508,31.5317
[TIME]8,16000000,17000000,1.7524,31.5587
[TIME]4,16000000,17000000,1.7545,31.5744
[TIME]1,17000000,18000000,1.7485,33.0686
[TIME]3,17000000,18000000,1.7531,33.0938
[TIME]0,17000000,18000000,1.7516,33.0972
[TIME]2,17000000,18000000,1.7511,33.1338
[TIME]15,17000000,18000000,1.7526,33.1350
[TIME]9,17000000,18000000,1.7501,33.1556
[TIME]12,17000000,18000000,1.7506,33.1803
[TIME]14,17000000,18000000,1.7513,33.1973
[TIME]13,17000000,18000000,1.7547,33.1996
[TIME]11,17000000,18000000,1.7516,33.2060
[TIME]10,17000000,18000000,1.7529,33.2323
[TIME]5,17000000,18000000,1.7517,33.2537
[TIME]7,17000000,18000000,1.7532,33.2562
[TIME]6,17000000,18000000,1.7543,33.2861
[TIME]8,17000000,18000000,1.7576,33.3163
[TIME]4,17000000,18000000,1.7559,33.3303
[TIME]1,18000000,19000000,1.7680,34.8366
[TIME]3,18000000,19000000,1.7672,34.8610
[TIME]0,18000000,19000000,1.7716,34.8687
[TIME]2,18000000,19000000,1.7707,34.9045
[TIME]15,18000000,19000000,1.7714,34.9064
[TIME]9,18000000,19000000,1.7693,34.9249
[TIME]12,18000000,19000000,1.7706,34.9509
[TIME]14,18000000,19000000,1.7719,34.9693
[TIME]13,18000000,19000000,1.7773,34.9768
[TIME]11,18000000,19000000,1.7718,34.9779
[TIME]10,18000000,19000000,1.7731,35.0055
[TIME]5,18000000,19000000,1.7712,35.0249
[TIME]7,18000000,19000000,1.7745,35.0307
[TIME]6,18000000,19000000,1.7727,35.0588
[TIME]8,18000000,19000000,1.7768,35.0932
[TIME]4,18000000,19000000,1.7794,35.1096
[TIME]1,19000000,20000000,1.7864,36.6230
[TIME]3,19000000,20000000,1.7869,36.6479
[TIME]0,19000000,20000000,1.7877,36.6564
[TIME]2,19000000,20000000,1.7860,36.6905
[TIME]15,19000000,20000000,1.7892,36.6956
[TIME]9,19000000,20000000,1.7865,36.7114
[TIME]12,19000000,20000000,1.7881,36.7390
[TIME]14,19000000,20000000,1.7880,36.7573
[TIME]13,19000000,20000000,1.7898,36.7666
[TIME]11,19000000,20000000,1.7890,36.7669
[TIME]10,19000000,20000000,1.7896,36.7951
[TIME]5,19000000,20000000,1.7890,36.8139
[TIME]7,19000000,20000000,1.7899,36.8205
[TIME]6,19000000,20000000,1.7909,36.8497
[TIME]8,19000000,20000000,1.7930,36.8862
[TIME]4,19000000,20000000,1.7935,36.9031
[TIME]1,20000000,21000000,1.8098,38.4328
[TIME]3,20000000,21000000,1.8063,38.4542
[TIME]0,20000000,21000000,1.8124,38.4689
[TIME]2,20000000,21000000,1.8091,38.4996
[TIME]15,20000000,21000000,1.8103,38.5059
[TIME]9,20000000,21000000,1.8076,38.5190
[TIME]12,20000000,21000000,1.8095,38.5485
[TIME]14,20000000,21000000,1.8092,38.5665
[TIME]11,20000000,21000000,1.8092,38.5760
[TIME]13,20000000,21000000,1.8126,38.5793
[TIME]10,20000000,21000000,1.8128,38.6078
[TIME]5,20000000,21000000,1.8105,38.6245
[TIME]7,20000000,21000000,1.8124,38.6330
[TIME]6,20000000,21000000,1.8111,38.6608
[TIME]8,20000000,21000000,1.8149,38.7011
[TIME]4,20000000,21000000,1.8125,38.7156
[TIME]1,21000000,22000000,1.8430,40.2757
[TIME]3,21000000,22000000,1.8451,40.2993
[TIME]0,21000000,22000000,1.8468,40.3157
[TIME]2,21000000,22000000,1.8447,40.3443
[TIME]15,21000000,22000000,1.8479,40.3538
[TIME]9,21000000,22000000,1.8420,40.3610
[TIME]12,21000000,22000000,1.8413,40.3898
[TIME]14,21000000,22000000,1.8473,40.4138
[TIME]11,21000000,22000000,1.8476,40.4236
[TIME]13,21000000,22000000,1.8484,40.4277
[TIME]10,21000000,22000000,1.8484,40.4562
[TIME]5,21000000,22000000,1.8467,40.4712
[TIME]7,21000000,22000000,1.8509,40.4839
[TIME]6,21000000,22000000,1.8504,40.5113
[TIME]8,21000000,22000000,1.8555,40.5566
[TIME]4,21000000,22000000,1.8536,40.5692
[TIME]1,22000000,23000000,1.8880,42.1637
[TIME]3,22000000,23000000,1.8899,42.1892
[TIME]0,22000000,23000000,1.8911,42.2068
[TIME]2,22000000,23000000,1.8924,42.2367
[TIME]15,22000000,23000000,1.8912,42.2450
[TIME]9,22000000,23000000,1.8919,42.2529
[TIME]12,22000000,23000000,1.8943,42.2841
[TIME]14,22000000,23000000,1.8909,42.3047
[TIME]11,22000000,23000000,1.8947,42.3183
[TIME]13,22000000,23000000,1.8930,42.3206
[TIME]10,22000000,23000000,1.8984,42.3546
[TIME]5,22000000,23000000,1.8949,42.3661
[TIME]7,22000000,23000000,1.8990,42.3829
[TIME]6,22000000,23000000,1.8984,42.4097
[TIME]8,22000000,23000000,1.9000,42.4567
[TIME]4,22000000,23000000,1.9010,42.4702
[TIME]1,23000000,24000000,1.9674,44.1312
[TIME]3,23000000,24000000,1.9704,44.1596
[TIME]0,23000000,24000000,1.9740,44.1808
[TIME]2,23000000,24000000,1.9705,44.2071
[TIME]15,23000000,24000000,1.9756,44.2206
[TIME]9,23000000,24000000,1.9707,44.2236
[TIME]12,23000000,24000000,1.9717,44.2559
[TIME]14,23000000,24000000,1.9772,44.2819
[TIME]11,23000000,24000000,1.9743,44.2926
[TIME]13,23000000,24000000,1.9784,44.2991
[TIME]10,23000000,24000000,1.9798,44.3344
[TIME]5,23000000,24000000,1.9763,44.3424
[TIME]7,23000000,24000000,1.9817,44.3646
[TIME]6,23000000,24000000,1.9748,44.3845
[TIME]8,23000000,24000000,1.9875,44.4442
[TIME]4,23000000,24000000,1.9853,44.4555
[TIME]1,24000000,25000000,2.0940,46.2252
[TIME]3,24000000,25000000,2.0989,46.2585
[TIME]0,24000000,25000000,2.0996,46.2804
[TIME]2,24000000,25000000,2.1053,46.3125
[TIME]9,24000000,25000000,2.0968,46.3203
[TIME]15,24000000,25000000,2.1031,46.3236
[TIME]12,24000000,25000000,2.1069,46.3628
[TIME]14,24000000,25000000,2.1077,46.3896
[TIME]11,24000000,25000000,2.1117,46.4043
[TIME]13,24000000,25000000,2.1096,46.4087
[TIME]10,24000000,25000000,2.1194,46.4538
[TIME]5,24000000,25000000,2.1139,46.4563
[TIME]7,24000000,25000000,2.1174,46.4820
[TIME]6,24000000,25000000,2.1124,46.4969
[TIME]8,24000000,25000000,2.1273,46.5715
[TIME]4,24000000,25000000,2.1264,46.5819
[TIME]1,25000000,26000000,2.3188,48.5440
[TIME]3,25000000,26000000,2.3090,48.5675
[TIME]0,25000000,26000000,2.2997,48.5801
[TIME]2,25000000,26000000,2.3116,48.6241
[TIME]9,25000000,26000000,2.3108,48.6311
[TIME]15,25000000,26000000,2.3296,48.6532
[TIME]12,25000000,26000000,2.3270,48.6897
[TIME]14,25000000,26000000,2.3363,48.7260
[TIME]11,25000000,26000000,2.3228,48.7271
[TIME]13,25000000,26000000,2.3436,48.7523
[TIME]5,25000000,26000000,2.3307,48.7869
[TIME]10,25000000,26000000,2.3524,48.8062
[TIME]7,25000000,26000000,2.3494,48.8313
[TIME]6,25000000,26000000,2.3409,48.8378
[TIME]8,25000000,26000000,2.3547,48.9263
[TIME]4,25000000,26000000,2.3510,48.9329
[TIME]1,26000000,27000000,2.5983,51.1423
[TIME]0,26000000,27000000,2.5833,51.1634
[TIME]3,26000000,27000000,2.6155,51.1830
[TIME]2,26000000,27000000,2.5994,51.2235
[TIME]9,26000000,27000000,2.5985,51.2297
[TIME]15,26000000,27000000,2.6009,51.2541
[TIME]12,26000000,27000000,2.6132,51.3029
[TIME]14,26000000,27000000,2.6070,51.3329
[TIME]11,26000000,27000000,2.6154,51.3425
[TIME]13,26000000,27000000,2.6161,51.3684
[TIME]5,26000000,27000000,2.6133,51.4003
[TIME]10,26000000,27000000,2.6183,51.4245
[TIME]7,26000000,27000000,2.6127,51.4441
[TIME]6,26000000,27000000,2.6258,51.4635
[TIME]8,26000000,27000000,2.6309,51.5572
[TIME]4,26000000,27000000,2.6273,51.5603
[TIME]1,27000000,28000000,2.8166,53.9590
[TIME]0,27000000,28000000,2.8262,53.9896
[TIME]3,27000000,28000000,2.8081,53.9911
[TIME]9,27000000,28000000,2.8152,54.0449
[TIME]2,27000000,28000000,2.8239,54.0474
[TIME]15,27000000,28000000,2.8105,54.0646
[TIME]14,27000000,28000000,2.8179,54.1508
[TIME]12,27000000,28000000,2.8596,54.1625
[TIME]11,27000000,28000000,2.8410,54.1835
[TIME]13,27000000,28000000,2.8380,54.2064
[TIME]5,27000000,28000000,2.8440,54.2442
[TIME]7,27000000,28000000,2.8215,54.2656
[TIME]10,27000000,28000000,2.8528,54.2773
[TIME]6,27000000,28000000,2.8321,54.2956
[TIME]8,27000000,28000000,2.8388,54.3960
[TIME]4,27000000,28000000,2.8440,54.4042
directory depth = 21
[TIME]1,28000000,29000000,2.9397,56.8987
[TIME]3,28000000,29000000,2.9395,56.9306
[TIME]0,28000000,29000000,2.9470,56.9366
[TIME]2,28000000,29000000,2.9350,56.9824
[TIME]15,28000000,29000000,2.9213,56.9859
[TIME]9,28000000,29000000,2.9445,56.9894
[TIME]14,28000000,29000000,2.9288,57.0796
[TIME]12,28000000,29000000,2.9436,57.1062
[TIME]11,28000000,29000000,2.9367,57.1202
[TIME]13,28000000,29000000,2.9360,57.1423
[TIME]5,28000000,29000000,2.9169,57.1612
[TIME]7,28000000,29000000,2.9248,57.1904
[TIME]6,28000000,29000000,2.9291,57.2248
[TIME]10,28000000,29000000,2.9514,57.2287
[TIME]8,28000000,29000000,2.9321,57.3281
[TIME]4,28000000,29000000,2.9271,57.3314
[TIME]1,29000000,30000000,2.6321,59.5308
[TIME]3,29000000,30000000,2.6255,59.5561
[TIME]0,29000000,30000000,2.6243,59.5608
[TIME]15,29000000,30000000,2.6092,59.5951
[TIME]9,29000000,30000000,2.6147,59.6041
[TIME]2,29000000,30000000,2.6258,59.6083
[TIME]14,29000000,30000000,2.6052,59.6848
[TIME]12,29000000,30000000,2.6116,59.7178
[TIME]11,29000000,30000000,2.6030,59.7232
[TIME]13,29000000,30000000,2.5913,59.7337
[TIME]5,29000000,30000000,2.5807,59.7419
[TIME]7,29000000,30000000,2.5697,59.7601
[TIME]10,29000000,30000000,2.5760,59.8047
[TIME]6,29000000,30000000,2.5825,59.8073
[TIME]8,29000000,30000000,2.5675,59.8956
[TIME]4,29000000,30000000,2.5755,59.9068
[TIME]1,30000000,31000000,2.2193,61.7501
[TIME]3,30000000,31000000,2.2090,61.7651
[TIME]0,30000000,31000000,2.2109,61.7717
[TIME]15,30000000,31000000,2.2022,61.7972
[TIME]9,30000000,31000000,2.2074,61.8115
[TIME]2,30000000,31000000,2.2100,61.8182
[TIME]14,30000000,31000000,2.1935,61.8783
[TIME]11,30000000,31000000,2.1870,61.9103
[TIME]13,30000000,31000000,2.1825,61.9162
[TIME]12,30000000,31000000,2.2056,61.9234
[TIME]5,30000000,31000000,2.1821,61.9240
[TIME]7,30000000,31000000,2.1800,61.9401
[TIME]6,30000000,31000000,2.1734,61.9807
[TIME]10,30000000,31000000,2.1918,61.9965
[TIME]4,30000000,31000000,2.1624,62.0692
[TIME]8,30000000,31000000,2.1793,62.0749
[TIME]1,31000000,32000000,1.9597,63.7098
[TIME]3,31000000,32000000,1.9530,63.7181
[TIME]0,31000000,32000000,1.9546,63.7264
[TIME]15,31000000,32000000,1.9563,63.7536
[TIME]9,31000000,32000000,1.9489,63.7604
[TIME]2,31000000,32000000,1.9538,63.7721
[TIME]14,31000000,32000000,1.9460,63.8243
[TIME]11,31000000,32000000,1.9414,63.8517
[TIME]13,31000000,32000000,1.9426,63.8588
[TIME]5,31000000,32000000,1.9404,63.8645
[TIME]7,31000000,32000000,1.9347,63.8748
[TIME]12,31000000,32000000,1.9574,63.8808
[TIME]6,31000000,32000000,1.9352,63.9159
[TIME]10,31000000,32000000,1.9333,63.9298
[TIME]4,31000000,32000000,1.9291,63.9984
[TIME]8,31000000,32000000,1.9251,64.0000
[TIME]1,32000000,33000000,1.8538,65.5636
[TIME]3,32000000,33000000,1.8480,65.5661
[TIME]0,32000000,33000000,1.8484,65.5748
[TIME]9,32000000,33000000,1.8456,65.6060
[TIME]15,32000000,33000000,1.8527,65.6063
[TIME]2,32000000,33000000,1.8492,65.6213
[TIME]14,32000000,33000000,1.8453,65.6696
[TIME]11,32000000,33000000,1.8496,65.7013
[TIME]13,32000000,33000000,1.8449,65.7037
[TIME]5,32000000,33000000,1.8478,65.7123
[TIME]7,32000000,33000000,1.8435,65.7183
[TIME]12,32000000,33000000,1.8473,65.7281
[TIME]6,32000000,33000000,1.8472,65.7631
[TIME]10,32000000,33000000,1.8476,65.7774
[TIME]4,32000000,33000000,1.8435,65.8419
[TIME]8,32000000,33000000,1.8497,65.8497
[TIME]3,33000000,34000000,1.8306,67.3966
[TIME]1,33000000,34000000,1.8379,67.4015
[TIME]0,33000000,34000000,1.8355,67.4103
[TIME]9,33000000,34000000,1.8326,67.4387
[TIME]15,33000000,34000000,1.8379,67.4442
[TIME]2,33000000,34000000,1.8348,67.4561
[TIME]14,33000000,34000000,1.8359,67.5055
[TIME]13,33000000,34000000,1.8325,67.5362
[TIME]11,33000000,34000000,1.8357,67.5371
[TIME]5,33000000,34000000,1.8356,67.5479
[TIME]7,33000000,34000000,1.8326,67.5509
[TIME]12,33000000,34000000,1.8380,67.5661
[TIME]6,33000000,34000000,1.8354,67.5985
[TIME]10,33000000,34000000,1.8358,67.6132
[TIME]4,33000000,34000000,1.8315,67.6734
[TIME]8,33000000,34000000,1.8352,67.6848
[TIME]3,34000000,35000000,1.8326,69.2292
[TIME]1,34000000,35000000,1.8375,69.2390
[TIME]0,34000000,35000000,1.8358,69.2462
[TIME]9,34000000,35000000,1.8340,69.2727
[TIME]15,34000000,35000000,1.8363,69.2804
[TIME]2,34000000,35000000,1.8363,69.2924
[TIME]14,34000000,35000000,1.8371,69.3426
[TIME]13,34000000,35000000,1.8351,69.3713
[TIME]11,34000000,35000000,1.8359,69.3730
[TIME]5,34000000,35000000,1.8355,69.3834
[TIME]7,34000000,35000000,1.8365,69.3873
[TIME]12,34000000,35000000,1.8401,69.4062
[TIME]6,34000000,35000000,1.8385,69.4370
[TIME]10,34000000,35000000,1.8396,69.4528
[TIME]4,34000000,35000000,1.8353,69.5087
[TIME]8,34000000,35000000,1.8379,69.5228
[TIME]3,35000000,36000000,1.8429,71.0721
[TIME]1,35000000,36000000,1.8470,71.0860
[TIME]0,35000000,36000000,1.8456,71.0918
[TIME]9,35000000,36000000,1.8435,71.1162
[TIME]15,35000000,36000000,1.8484,71.1288
[TIME]2,35000000,36000000,1.8474,71.1398
[TIME]14,35000000,36000000,1.8459,71.1885
[TIME]13,35000000,36000000,1.8450,71.2163
[TIME]11,35000000,36000000,1.8474,71.2204
[TIME]5,35000000,36000000,1.8475,71.2309
[TIME]7,35000000,36000000,1.8446,71.2319
[TIME]12,35000000,36000000,1.8490,71.2552
[TIME]6,35000000,36000000,1.8468,71.2838
[TIME]10,35000000,36000000,1.8477,71.3006
[TIME]4,35000000,36000000,1.8459,71.3546
[TIME]8,35000000,36000000,1.8484,71.3711
[TIME]3,36000000,37000000,1.8555,72.9276
[TIME]1,36000000,37000000,1.8584,72.9444
[TIME]0,36000000,37000000,1.8591,72.9509
[TIME]9,36000000,37000000,1.8558,72.9720
[TIME]15,36000000,37000000,1.8591,72.9879
[TIME]2,36000000,37000000,1.8602,73.0000
[TIME]14,36000000,37000000,1.8587,73.0473
[TIME]13,36000000,37000000,1.8568,73.0732
[TIME]11,36000000,37000000,1.8593,73.0797
[TIME]5,36000000,37000000,1.8580,73.0889
[TIME]7,36000000,37000000,1.8577,73.0897
[TIME]12,36000000,37000000,1.8601,73.1153
[TIME]6,36000000,37000000,1.8599,73.1437
[TIME]10,36000000,37000000,1.8593,73.1599
[TIME]4,36000000,37000000,1.8581,73.2127
[TIME]8,36000000,37000000,1.8614,73.2326
[TIME]3,37000000,38000000,1.8557,74.7833
[TIME]1,37000000,38000000,1.8590,74.8034
[TIME]0,37000000,38000000,1.8595,74.8104
[TIME]9,37000000,38000000,1.8562,74.8282
[TIME]15,37000000,38000000,1.8603,74.8482
[TIME]2,37000000,38000000,1.8622,74.8622
[TIME]14,37000000,38000000,1.8599,74.9072
[TIME]13,37000000,38000000,1.8586,74.9317
[TIME]11,37000000,38000000,1.8601,74.9398
[TIME]5,37000000,38000000,1.8580,74.9469
[TIME]7,37000000,38000000,1.8589,74.9486
[TIME]12,37000000,38000000,1.8663,74.9816
[TIME]6,37000000,38000000,1.8590,75.0027
[TIME]10,37000000,38000000,1.8627,75.0226
[TIME]4,37000000,38000000,1.8596,75.0723
[TIME]8,37000000,38000000,1.8597,75.0923
[TIME]3,38000000,39000000,1.8721,76.6554
[TIME]1,38000000,39000000,1.8730,76.6764
[TIME]0,38000000,39000000,1.8734,76.6837
[TIME]9,38000000,39000000,1.8705,76.6987
[TIME]15,38000000,39000000,1.8756,76.7238
[TIME]2,38000000,39000000,1.8774,76.7396
[TIME]14,38000000,39000000,1.8758,76.7830
[TIME]13,38000000,39000000,1.8793,76.8110
[TIME]11,38000000,39000000,1.8760,76.8158
[TIME]5,38000000,39000000,1.8748,76.8217
[TIME]7,38000000,39000000,1.8733,76.8219
[TIME]12,38000000,39000000,1.8808,76.8624
[TIME]6,38000000,39000000,1.8772,76.8799
[TIME]10,38000000,39000000,1.8775,76.9001
[TIME]4,38000000,39000000,1.8820,76.9543
[TIME]8,38000000,39000000,1.8791,76.9714
[TIME]3,39000000,40000000,1.8845,78.5399
[TIME]1,39000000,40000000,1.8818,78.5582
[TIME]0,39000000,40000000,1.8845,78.5683
[TIME]9,39000000,40000000,1.8818,78.5805
[TIME]15,39000000,40000000,1.8872,78.6109
[TIME]2,39000000,40000000,1.8856,78.6251
[TIME]14,39000000,40000000,1.8842,78.6672
[TIME]13,39000000,40000000,1.8838,78.6948
[TIME]11,39000000,40000000,1.8858,78.7016
[TIME]7,39000000,40000000,1.8831,78.7051
[TIME]5,39000000,40000000,1.8853,78.7070
[TIME]12,39000000,40000000,1.8877,78.7501
[TIME]6,39000000,40000000,1.8843,78.7641
[TIME]10,39000000,40000000,1.8884,78.7885
[TIME]4,39000000,40000000,1.8843,78.8386
[TIME]8,39000000,40000000,1.8871,78.8585
[TIME]3,40000000,41000000,1.8916,80.4315
[TIME]1,40000000,41000000,1.8949,80.4532
[TIME]0,40000000,41000000,1.8963,80.4646
[TIME]9,40000000,41000000,1.8942,80.4747
[TIME]15,40000000,41000000,1.8989,80.5098
[TIME]2,40000000,41000000,1.8968,80.5219
[TIME]14,40000000,41000000,1.8945,80.5617
[TIME]13,40000000,41000000,1.8937,80.5885
[TIME]11,40000000,41000000,1.8978,80.5994
[TIME]7,40000000,41000000,1.8956,80.6007
[TIME]5,40000000,41000000,1.8939,80.6010
[TIME]12,40000000,41000000,1.9005,80.6506
[TIME]6,40000000,41000000,1.8994,80.6635
[TIME]10,40000000,41000000,1.8994,80.6878
[TIME]4,40000000,41000000,1.8987,80.7374
[TIME]8,40000000,41000000,1.8993,80.7578
[TIME]3,41000000,42000000,1.9076,82.3391
[TIME]1,41000000,42000000,1.9105,82.3637
[TIME]0,41000000,42000000,1.9119,82.3765
[TIME]9,41000000,42000000,1.9109,82.3856
[TIME]15,41000000,42000000,1.9103,82.4202
[TIME]2,41000000,42000000,1.9112,82.4332
[TIME]14,41000000,42000000,1.9112,82.4730
[TIME]13,41000000,42000000,1.9084,82.4969
[TIME]11,41000000,42000000,1.9107,82.5101
[TIME]5,41000000,42000000,1.9094,82.5103
[TIME]7,41000000,42000000,1.9109,82.5116
[TIME]12,41000000,42000000,1.9154,82.5659
[TIME]6,41000000,42000000,1.9129,82.5765
[TIME]10,41000000,42000000,1.9140,82.6018
[TIME]4,41000000,42000000,1.9101,82.6475
[TIME]8,41000000,42000000,1.9108,82.6686
[TIME]3,42000000,43000000,1.9136,84.2527
[TIME]1,42000000,43000000,1.9165,84.2802
[TIME]0,42000000,43000000,1.9182,84.2947
[TIME]9,42000000,43000000,1.9161,84.3017
[TIME]15,42000000,43000000,1.9192,84.3394
[TIME]2,42000000,43000000,1.9209,84.3541
[TIME]14,42000000,43000000,1.9187,84.3916
[TIME]13,42000000,43000000,1.9172,84.4140
[TIME]5,42000000,43000000,1.9177,84.4281
[TIME]7,42000000,43000000,1.9174,84.4291
[TIME]11,42000000,43000000,1.9194,84.4295
[TIME]12,42000000,43000000,1.9227,84.4886
[TIME]6,42000000,43000000,1.9226,84.4991
[TIME]10,42000000,43000000,1.9228,84.5246
[TIME]4,42000000,43000000,1.9210,84.5685
[TIME]8,42000000,43000000,1.9217,84.5903
[TIME]3,43000000,44000000,1.9472,86.1999
[TIME]1,43000000,44000000,1.9468,86.2271
[TIME]0,43000000,44000000,1.9463,86.2410
[TIME]9,43000000,44000000,1.9446,86.2463
[TIME]15,43000000,44000000,1.9512,86.2906
[TIME]2,43000000,44000000,1.9516,86.3057
[TIME]14,43000000,44000000,1.9488,86.3404
[TIME]13,43000000,44000000,1.9499,86.3640
[TIME]7,43000000,44000000,1.9441,86.3732
[TIME]5,43000000,44000000,1.9464,86.3744
[TIME]11,43000000,44000000,1.9505,86.3800
[TIME]12,43000000,44000000,1.9515,86.4401
[TIME]6,43000000,44000000,1.9521,86.4512
[TIME]10,43000000,44000000,1.9518,86.4764
[TIME]4,43000000,44000000,1.9499,86.5184
[TIME]8,43000000,44000000,1.9500,86.5404
[TIME]3,44000000,45000000,1.9648,88.1647
[TIME]1,44000000,45000000,1.9643,88.1914
[TIME]0,44000000,45000000,1.9689,88.2099
[TIME]9,44000000,45000000,1.9700,88.2163
[TIME]15,44000000,45000000,1.9669,88.2575
[TIME]2,44000000,45000000,1.9669,88.2726
[TIME]14,44000000,45000000,1.9665,88.3069
[TIME]13,44000000,45000000,1.9667,88.3307
[TIME]7,44000000,45000000,1.9642,88.3374
[TIME]5,44000000,45000000,1.9695,88.3439
[TIME]11,44000000,45000000,1.9687,88.3487
[TIME]12,44000000,45000000,1.9757,88.4158
[TIME]6,44000000,45000000,1.9732,88.4244
[TIME]10,44000000,45000000,1.9712,88.4476
[TIME]4,44000000,45000000,1.9711,88.4895
[TIME]8,44000000,45000000,1.9750,88.5154
[TIME]3,45000000,46000000,1.9976,90.1623
[TIME]1,45000000,46000000,2.0047,90.1961
[TIME]0,45000000,46000000,2.0019,90.2118
[TIME]9,45000000,46000000,2.0001,90.2165
[TIME]15,45000000,46000000,2.0059,90.2634
[TIME]2,45000000,46000000,2.0043,90.2770
[TIME]14,45000000,46000000,2.0015,90.3084
[TIME]13,45000000,46000000,2.0018,90.3324
[TIME]7,45000000,46000000,2.0024,90.3398
[TIME]5,45000000,46000000,1.9993,90.3432
[TIME]11,45000000,46000000,2.0061,90.3549
[TIME]12,45000000,46000000,2.0095,90.4253
[TIME]6,45000000,46000000,2.0068,90.4312
[TIME]10,45000000,46000000,2.0098,90.4575
[TIME]4,45000000,46000000,2.0120,90.5015
[TIME]8,45000000,46000000,2.0116,90.5271
[TIME]3,46000000,47000000,2.0376,92.1999
[TIME]1,46000000,47000000,2.0350,92.2311
[TIME]0,46000000,47000000,2.0372,92.2490
[TIME]9,46000000,47000000,2.0357,92.2521
[TIME]15,46000000,47000000,2.0452,92.3086
[TIME]2,46000000,47000000,2.0431,92.3201
[TIME]14,46000000,47000000,2.0424,92.3508
[TIME]13,46000000,47000000,2.0463,92.3788
[TIME]7,46000000,47000000,2.0409,92.3807
[TIME]5,46000000,47000000,2.0406,92.3839
[TIME]11,46000000,47000000,2.0413,92.3961
[TIME]6,46000000,47000000,2.0414,92.4726
[TIME]12,46000000,47000000,2.0485,92.4738
[TIME]10,46000000,47000000,2.0429,92.5003
[TIME]4,46000000,47000000,2.0382,92.5397
[TIME]8,46000000,47000000,2.0431,92.5701
[TIME]3,47000000,48000000,2.0845,94.2845
[TIME]1,47000000,48000000,2.0870,94.3181
[TIME]9,47000000,48000000,2.0873,94.3394
[TIME]0,47000000,48000000,2.0912,94.3402
[TIME]15,47000000,48000000,2.0869,94.3955
[TIME]2,47000000,48000000,2.0956,94.4157
[TIME]14,47000000,48000000,2.0877,94.4384
[TIME]13,47000000,48000000,2.0893,94.4681
[TIME]7,47000000,48000000,2.0921,94.4728
[TIME]5,47000000,48000000,2.0904,94.4742
[TIME]11,47000000,48000000,2.0859,94.4820
[TIME]6,47000000,48000000,2.0885,94.5610
[TIME]12,47000000,48000000,2.0960,94.5698
[TIME]10,47000000,48000000,2.0945,94.5949
[TIME]4,47000000,48000000,2.0978,94.6375
[TIME]8,47000000,48000000,2.0968,94.6670
[TIME]3,48000000,49000000,2.1567,96.4411
[TIME]1,48000000,49000000,2.1531,96.4712
[TIME]0,48000000,49000000,2.1540,96.4941
[TIME]9,48000000,49000000,2.1574,96.4968
[TIME]15,48000000,49000000,2.1591,96.5545
[TIME]2,48000000,49000000,2.1567,96.5724
[TIME]14,48000000,49000000,2.1673,96.6058
[TIME]13,48000000,49000000,2.1543,96.6225
[TIME]7,48000000,49000000,2.1631,96.6360
[TIME]5,48000000,49000000,2.1645,96.6387
[TIME]11,48000000,49000000,2.1627,96.6447
[TIME]6,48000000,49000000,2.1583,96.7194
[TIME]12,48000000,49000000,2.1678,96.7377
[TIME]10,48000000,49000000,2.1732,96.7681
[TIME]4,48000000,49000000,2.1630,96.8006
[TIME]8,48000000,49000000,2.1628,96.8298
[TIME]3,49000000,50000000,2.2347,98.6758
[TIME]1,49000000,50000000,2.2348,98.7060
[TIME]0,49000000,50000000,2.2414,98.7355
[TIME]9,49000000,50000000,2.2393,98.7361
[TIME]15,49000000,50000000,2.2362,98.7907
[TIME]2,49000000,50000000,2.2387,98.8111
[TIME]14,49000000,50000000,2.2452,98.8510
[TIME]13,49000000,50000000,2.2422,98.8647
[TIME]7,49000000,50000000,2.2408,98.8768
[TIME]11,49000000,50000000,2.2391,98.8839
[TIME]5,49000000,50000000,2.2511,98.8899
[TIME]6,49000000,50000000,2.2494,98.9688
[TIME]12,49000000,50000000,2.2512,98.9888
[TIME]10,49000000,50000000,2.2470,99.0151
[TIME]4,49000000,50000000,2.2413,99.0419
[TIME]8,49000000,50000000,2.2495,99.0793
[TIME]3,50000000,51000000,2.3379,101.0137
[TIME]1,50000000,51000000,2.3434,101.0495
[TIME]0,50000000,51000000,2.3380,101.0735
[TIME]9,50000000,51000000,2.3393,101.0754
[TIME]15,50000000,51000000,2.3443,101.1351
[TIME]2,50000000,51000000,2.3601,101.1712
[TIME]14,50000000,51000000,2.3433,101.1943
[TIME]13,50000000,51000000,2.3402,101.2048
[TIME]7,50000000,51000000,2.3513,101.2281
[TIME]11,50000000,51000000,2.3481,101.2319
[TIME]5,50000000,51000000,2.3556,101.2455
[TIME]6,50000000,51000000,2.3598,101.3286
[TIME]12,50000000,51000000,2.3585,101.3473
[TIME]10,50000000,51000000,2.3722,101.3874
[TIME]4,50000000,51000000,2.3599,101.4018
[TIME]8,50000000,51000000,2.3656,101.4448
[TIME]3,51000000,52000000,2.4485,103.4622
[TIME]1,51000000,52000000,2.4587,103.5082
[TIME]0,51000000,52000000,2.4674,103.5409
[TIME]9,51000000,52000000,2.4694,103.5447
[TIME]15,51000000,52000000,2.4661,103.6011
[TIME]2,51000000,52000000,2.4817,103.6529
[TIME]14,51000000,52000000,2.4711,103.6654
[TIME]13,51000000,52000000,2.4705,103.6754
[TIME]7,51000000,52000000,2.4695,103.6976
[TIME]11,51000000,52000000,2.4753,103.7072
[TIME]5,51000000,52000000,2.4813,103.7267
[TIME]6,51000000,52000000,2.4721,103.8007
[TIME]12,51000000,52000000,2.4902,103.8375
[TIME]10,51000000,52000000,2.4883,103.8757
[TIME]4,51000000,52000000,2.4749,103.8767
[TIME]8,51000000,52000000,2.4975,103.9423
[TIME]3,52000000,53000000,2.6126,106.0748
[TIME]1,52000000,53000000,2.6247,106.1328
[TIME]0,52000000,53000000,2.6056,106.1464
[TIME]9,52000000,53000000,2.6097,106.1544
[TIME]15,52000000,53000000,2.6161,106.2173
[TIME]2,52000000,53000000,2.6182,106.2711
[TIME]13,52000000,53000000,2.6126,106.2880
[TIME]14,52000000,53000000,2.6246,106.2900
[TIME]7,52000000,53000000,2.6289,106.3265
[TIME]11,52000000,53000000,2.6262,106.3334
[TIME]5,52000000,53000000,2.6220,106.3487
[TIME]6,52000000,53000000,2.6429,106.4435
[TIME]12,52000000,53000000,2.6384,106.4759
[TIME]4,52000000,53000000,2.6219,106.4986
[TIME]10,52000000,53000000,2.6459,106.5215
[TIME]8,52000000,53000000,2.6233,106.5656
[TIME]3,53000000,54000000,2.7322,108.8070
[TIME]1,53000000,54000000,2.7350,108.8679
[TIME]9,53000000,54000000,2.7271,108.8815
[TIME]0,53000000,54000000,2.7449,108.8913
[TIME]15,53000000,54000000,2.7714,108.9887
[TIME]13,53000000,54000000,2.7322,109.0202
[TIME]2,53000000,54000000,2.7541,109.0251
[TIME]14,53000000,54000000,2.7399,109.0300
[TIME]7,53000000,54000000,2.7582,109.0847
[TIME]11,53000000,54000000,2.7603,109.0937
[TIME]5,53000000,54000000,2.7504,109.0991
[TIME]6,53000000,54000000,2.7617,109.2052
[TIME]12,53000000,54000000,2.7725,109.2485
[TIME]4,53000000,54000000,2.7669,109.2655
[TIME]10,53000000,54000000,2.7652,109.2868
[TIME]8,53000000,54000000,2.7673,109.3329
directory depth = 22
[TIME]3,54000000,55000000,3.0080,111.8150
[TIME]1,54000000,55000000,3.0184,111.8862
[TIME]9,54000000,55000000,3.0251,111.9066
[TIME]0,54000000,55000000,3.0194,111.9108
[TIME]15,54000000,55000000,3.0311,112.0198
[TIME]13,54000000,55000000,3.0246,112.0447
[TIME]14,54000000,55000000,3.0270,112.0570
[TIME]2,54000000,55000000,3.0353,112.0604
[TIME]7,54000000,55000000,3.0118,112.0965
[TIME]11,54000000,55000000,3.0365,112.1302
[TIME]5,54000000,55000000,3.0453,112.1444
[TIME]6,54000000,55000000,3.0365,112.2417
[TIME]4,54000000,55000000,3.0316,112.2971
[TIME]12,54000000,55000000,3.0672,112.3157
[TIME]10,54000000,55000000,3.0381,112.3248
[TIME]8,54000000,55000000,3.0524,112.3852
[TIME]3,55000000,56000000,3.0372,114.8522
[TIME]1,55000000,56000000,3.0141,114.9004
[TIME]0,55000000,56000000,3.0261,114.9368
[TIME]9,55000000,56000000,3.0423,114.9488
[TIME]15,55000000,56000000,3.0192,115.0390
[TIME]13,55000000,56000000,3.0092,115.0539
[TIME]14,55000000,56000000,3.0274,115.0844
[TIME]2,55000000,56000000,3.0269,115.0874
[TIME]7,55000000,56000000,3.0288,115.1252
[TIME]11,55000000,56000000,3.0319,115.1621
[TIME]5,55000000,56000000,3.0307,115.1752
[TIME]6,55000000,56000000,3.0573,115.2990
[TIME]4,55000000,56000000,3.0315,115.3286
[TIME]12,55000000,56000000,3.0343,115.3500
[TIME]10,55000000,56000000,3.0385,115.3633
[TIME]8,55000000,56000000,3.0373,115.4226
[TIME]3,56000000,57000000,3.0098,117.8621
[TIME]1,56000000,57000000,3.0196,117.9200
[TIME]0,56000000,57000000,2.9953,117.9321
[TIME]9,56000000,57000000,3.0158,117.9647
[TIME]13,56000000,57000000,3.0002,118.0541
[TIME]15,56000000,57000000,3.0295,118.0685
[TIME]14,56000000,57000000,3.0155,118.0999
[TIME]2,56000000,57000000,3.0241,118.1114
[TIME]7,56000000,57000000,3.0261,118.1514
[TIME]11,56000000,57000000,3.0239,118.1860
[TIME]5,56000000,57000000,3.0142,118.1894
[TIME]6,56000000,57000000,3.0193,118.3183
[TIME]4,56000000,57000000,3.0109,118.3395
[TIME]12,56000000,57000000,3.0122,118.3622
[TIME]10,56000000,57000000,3.0078,118.3712
[TIME]8,56000000,57000000,3.0043,118.4268
[TIME]3,57000000,58000000,2.9305,120.7925
[TIME]1,57000000,58000000,2.9293,120.8493
[TIME]0,57000000,58000000,2.9414,120.8735
[TIME]9,57000000,58000000,2.9399,120.9046
[TIME]13,57000000,58000000,2.9280,120.9821
[TIME]15,57000000,58000000,2.9395,121.0081
[TIME]14,57000000,58000000,2.9341,121.0339
[TIME]2,57000000,58000000,2.9401,121.0516
[TIME]7,57000000,58000000,2.9226,121.0740
[TIME]5,57000000,58000000,2.9301,121.1195
[TIME]11,57000000,58000000,2.9510,121.1370
[TIME]6,57000000,58000000,2.9357,121.2540
[TIME]4,57000000,58000000,2.9160,121.2555
[TIME]12,57000000,58000000,2.9289,121.2911
[TIME]10,57000000,58000000,2.9299,121.3011
[TIME]8,57000000,58000000,2.9124,121.3392
[TIME]3,58000000,59000000,2.7819,123.5744
[TIME]1,58000000,59000000,2.7870,123.6363
[TIME]0,58000000,59000000,2.7807,123.6542
[TIME]9,58000000,59000000,2.7875,123.6920
[TIME]13,58000000,59000000,2.7736,123.7557
[TIME]15,58000000,59000000,2.7852,123.7933
[TIME]14,58000000,59000000,2.7698,123.8038
[TIME]7,58000000,59000000,2.7707,123.8446
[TIME]2,58000000,59000000,2.7950,123.8466
[TIME]5,58000000,59000000,2.7691,123.8885
[TIME]11,58000000,59000000,2.7714,123.9084
[TIME]4,58000000,59000000,2.7537,124.0092
[TIME]6,58000000,59000000,2.7648,124.0188
[TIME]12,58000000,59000000,2.7647,124.0558
[TIME]10,58000000,59000000,2.7594,124.0605
[TIME]8,58000000,59000000,2.7584,124.0976
[TIME]3,59000000,60000000,2.6103,126.1847
[TIME]1,59000000,60000000,2.5887,126.2250
[TIME]0,59000000,60000000,2.6035,126.2577
[TIME]9,59000000,60000000,2.5822,126.2742
[TIME]13,59000000,60000000,2.5587,126.3145
[TIME]15,59000000,60000000,2.5826,126.3759
[TIME]14,59000000,60000000,2.5768,126.3805
[TIME]7,59000000,60000000,2.5627,126.4073
[TIME]2,59000000,60000000,2.5668,126.4134
[TIME]5,59000000,60000000,2.5687,126.4572
[TIME]11,59000000,60000000,2.5814,126.4898
[TIME]4,59000000,60000000,2.5526,126.5618
[TIME]6,59000000,60000000,2.5656,126.5844
[TIME]10,59000000,60000000,2.5659,126.6265
[TIME]12,59000000,60000000,2.5713,126.6270
[TIME]8,59000000,60000000,2.5646,126.6622
[TIME]3,60000000,61000000,2.4093,128.5940
[TIME]1,60000000,61000000,2.3950,128.6200
[TIME]0,60000000,61000000,2.3933,128.6510
[TIME]9,60000000,61000000,2.3929,128.6672
[TIME]13,60000000,61000000,2.3831,128.6976
[TIME]14,60000000,61000000,2.3706,128.7511
[TIME]15,60000000,61000000,2.3870,128.7629
[TIME]7,60000000,61000000,2.3709,128.7782
[TIME]2,60000000,61000000,2.3737,128.7871
[TIME]5,60000000,61000000,2.3688,128.8260
[TIME]11,60000000,61000000,2.3687,128.8585
[TIME]4,60000000,61000000,2.3638,128.9256
[TIME]6,60000000,61000000,2.3635,128.9479
[TIME]10,60000000,61000000,2.3626,128.9890
[TIME]12,60000000,61000000,2.3625,128.9895
[TIME]8,60000000,61000000,2.3573,129.0196
[TIME]3,61000000,62000000,2.2028,130.7969
[TIME]1,61000000,62000000,2.2123,130.8323
[TIME]0,61000000,62000000,2.2097,130.8607
[TIME]9,61000000,62000000,2.2145,130.8817
[TIME]13,61000000,62000000,2.2050,130.9026
[TIME]14,61000000,62000000,2.2000,130.9512
[TIME]15,61000000,62000000,2.2144,130.9773
[TIME]7,61000000,62000000,2.2039,130.9820
[TIME]2,61000000,62000000,2.2034,130.9906
[TIME]5,61000000,62000000,2.1965,131.0225
[TIME]11,61000000,62000000,2.1937,131.0522
[TIME]4,61000000,62000000,2.1925,131.1181
[TIME]6,61000000,62000000,2.1848,131.1327
[TIME]12,61000000,62000000,2.1827,131.1722
[TIME]10,61000000,62000000,2.1919,131.1810
[TIME]8,61000000,62000000,2.1829,131.2025
[TIME]3,62000000,63000000,2.0904,132.8872
[TIME]1,62000000,63000000,2.0795,132.9118
[TIME]0,62000000,63000000,2.0825,132.9432
[TIME]9,62000000,63000000,2.0864,132.9681
[TIME]13,62000000,63000000,2.0846,132.9872
[TIME]14,62000000,63000000,2.0716,133.0227
[TIME]7,62000000,63000000,2.0725,133.0545
[TIME]15,62000000,63000000,2.0800,133.0573
[TIME]2,62000000,63000000,2.0775,133.0681
[TIME]5,62000000,63000000,2.0731,133.0956
[TIME]11,62000000,63000000,2.0689,133.1210
[TIME]4,62000000,63000000,2.0773,133.1954
[TIME]6,62000000,63000000,2.0706,133.2033
[TIME]12,62000000,63000000,2.0692,133.2415
[TIME]10,62000000,63000000,2.0720,133.2529
[TIME]8,62000000,63000000,2.0632,133.2657
[TIME]3,63000000,64000000,1.9935,134.8807
[TIME]1,63000000,64000000,1.9947,134.9065
[TIME]0,63000000,64000000,1.9927,134.9359
[TIME]9,63000000,64000000,1.9945,134.9626
[TIME]13,63000000,64000000,1.9918,134.9790
[TIME]14,63000000,64000000,1.9888,135.0115
[TIME]7,63000000,64000000,1.9890,135.0436
[TIME]15,63000000,64000000,1.9921,135.0494
[TIME]2,63000000,64000000,1.9935,135.0616
[TIME]5,63000000,64000000,1.9884,135.0840
[TIME]11,63000000,64000000,1.9936,135.1146
[TIME]4,63000000,64000000,1.9851,135.1805
[TIME]6,63000000,64000000,1.9863,135.1896
[TIME]12,63000000,64000000,1.9877,135.2292
[TIME]10,63000000,64000000,1.9824,135.2353
[TIME]8,63000000,64000000,1.9828,135.2485
[TIME]3,64000000,65000000,1.9481,136.8288
[TIME]1,64000000,65000000,1.9502,136.8567
[TIME]0,64000000,65000000,1.9499,136.8858
[TIME]9,64000000,65000000,1.9460,136.9086
[TIME]13,64000000,65000000,1.9489,136.9279
[TIME]14,64000000,65000000,1.9521,136.9636
[TIME]7,64000000,65000000,1.9461,136.9897
[TIME]15,64000000,65000000,1.9463,136.9957
[TIME]2,64000000,65000000,1.9487,137.0104
[TIME]5,64000000,65000000,1.9482,137.0322
[TIME]11,64000000,65000000,1.9447,137.0593
[TIME]4,64000000,65000000,1.9455,137.1260
[TIME]6,64000000,65000000,1.9459,137.1356
[TIME]12,64000000,65000000,1.9456,137.1747
[TIME]10,64000000,65000000,1.9440,137.1793
[TIME]8,64000000,65000000,1.9449,137.1934
[TIME]3,65000000,66000000,1.9272,138.7560
[TIME]1,65000000,66000000,1.9295,138.7862
[TIME]0,65000000,66000000,1.9262,138.8119
[TIME]9,65000000,66000000,1.9238,138.8325
[TIME]13,65000000,66000000,1.9247,138.8526
[TIME]14,65000000,66000000,1.9285,138.8921
[TIME]7,65000000,66000000,1.9251,138.9147
[TIME]15,65000000,66000000,1.9294,138.9251
[TIME]2,65000000,66000000,1.9281,138.9384
[TIME]5,65000000,66000000,1.9249,138.9571
[TIME]11,65000000,66000000,1.9243,138.9836
[TIME]4,65000000,66000000,1.9242,139.0502
[TIME]6,65000000,66000000,1.9241,139.0597
[TIME]12,65000000,66000000,1.9294,139.1041
[TIME]10,65000000,66000000,1.9276,139.1068
[TIME]8,65000000,66000000,1.9252,139.1187
[TIME]3,66000000,67000000,1.9217,140.6777
[TIME]1,66000000,67000000,1.9209,140.7072
[TIME]0,66000000,67000000,1.9226,140.7346
[TIME]9,66000000,67000000,1.9204,140.7528
[TIME]13,66000000,67000000,1.9207,140.7733
[TIME]14,66000000,67000000,1.9217,140.8138
[TIME]7,66000000,67000000,1.9215,140.8362
[TIME]15,66000000,67000000,1.9259,140.8510
[TIME]2,66000000,67000000,1.9249,140.8633
[TIME]5,66000000,67000000,1.9223,140.8794
[TIME]11,66000000,67000000,1.9255,140.9092
[TIME]4,66000000,67000000,1.9211,140.9713
[TIME]6,66000000,67000000,1.9249,140.9846
[TIME]12,66000000,67000000,1.9272,141.0313
[TIME]10,66000000,67000000,1.9269,141.0338
[TIME]8,66000000,67000000,1.9255,141.0441
[TIME]3,67000000,68000000,1.9218,142.5995
[TIME]1,67000000,68000000,1.9238,142.6309
[TIME]0,67000000,68000000,1.9207,142.6552
[TIME]9,67000000,68000000,1.9224,142.6753
[TIME]13,67000000,68000000,1.9211,142.6944
[TIME]14,67000000,68000000,1.9234,142.7372
[TIME]7,67000000,68000000,1.9210,142.7572
[TIME]15,67000000,68000000,1.9261,142.7772
[TIME]2,67000000,68000000,1.9228,142.7862
[TIME]5,67000000,68000000,1.9220,142.8014
[TIME]11,67000000,68000000,1.9225,142.8317
[TIME]4,67000000,68000000,1.9228,142.8941
[TIME]6,67000000,68000000,1.9212,142.9058
[TIME]10,67000000,68000000,1.9245,142.9583
[TIME]12,67000000,68000000,1.9270,142.9583
[TIME]8,67000000,68000000,1.9215,142.9656
[TIME]3,68000000,69000000,1.9202,144.5197
[TIME]1,68000000,69000000,1.9243,144.5552
[TIME]0,68000000,69000000,1.9227,144.5779
[TIME]9,68000000,69000000,1.9210,144.5963
[TIME]13,68000000,69000000,1.9226,144.6170
[TIME]14,68000000,69000000,1.9244,144.6616
[TIME]7,68000000,69000000,1.9217,144.6789
[TIME]15,68000000,69000000,1.9253,144.7025
[TIME]2,68000000,69000000,1.9252,144.7114
[TIME]5,68000000,69000000,1.9231,144.7245
[TIME]11,68000000,69000000,1.9241,144.7558
[TIME]4,68000000,69000000,1.9238,144.8179
[TIME]6,68000000,69000000,1.9242,144.8300
[TIME]10,68000000,69000000,1.9275,144.8858
[TIME]12,68000000,69000000,1.9276,144.8860
[TIME]8,68000000,69000000,1.9247,144.8903
[TIME]3,69000000,70000000,1.9306,146.4503
[TIME]1,69000000,70000000,1.9365,146.4918
[TIME]0,69000000,70000000,1.9318,146.5097
[TIME]9,69000000,70000000,1.9342,146.5305
[TIME]13,69000000,70000000,1.9380,146.5551
[TIME]14,69000000,70000000,1.9350,146.5966
[TIME]7,69000000,70000000,1.9335,146.6124
[TIME]15,69000000,70000000,1.9361,146.6386
[TIME]2,69000000,70000000,1.9374,146.6488
[TIME]5,69000000,70000000,1.9354,146.6599
[TIME]11,69000000,70000000,1.9359,146.6917
[TIME]4,69000000,70000000,1.9405,146.7584
[TIME]6,69000000,70000000,1.9358,146.7657
[TIME]10,69000000,70000000,1.9379,146.8236
[TIME]12,69000000,70000000,1.9385,146.8244
[TIME]8,69000000,70000000,1.9354,146.8257
[TIME]3,70000000,71000000,1.9224,148.3727
[TIME]1,70000000,71000000,1.9218,148.4135
[TIME]0,70000000,71000000,1.9212,148.4309
[TIME]9,70000000,71000000,1.9202,148.4507
[TIME]13,70000000,71000000,1.9193,148.4744
[TIME]14,70000000,71000000,1.9230,148.5196
[TIME]7,70000000,71000000,1.9198,148.5322
[TIME]15,70000000,71000000,1.9239,148.5626
[TIME]2,70000000,71000000,1.9243,148.5731
[TIME]5,70000000,71000000,1.9202,148.5801
[TIME]11,70000000,71000000,1.9230,148.6147
[TIME]4,70000000,71000000,1.9212,148.6795
[TIME]6,70000000,71000000,1.9232,148.6890
[TIME]10,70000000,71000000,1.9253,148.7489
[TIME]8,70000000,71000000,1.9236,148.7493
[TIME]12,70000000,71000000,1.9285,148.7530
[TIME]3,71000000,72000000,1.9224,150.2951
[TIME]1,71000000,72000000,1.9242,150.3377
[TIME]0,71000000,72000000,1.9241,150.3550
[TIME]9,71000000,72000000,1.9229,150.3735
[TIME]13,71000000,72000000,1.9236,150.3980
[TIME]14,71000000,72000000,1.9246,150.4442
[TIME]7,71000000,72000000,1.9238,150.4560
[TIME]15,71000000,72000000,1.9284,150.4910
[TIME]2,71000000,72000000,1.9273,150.5004
[TIME]5,71000000,72000000,1.9254,150.5055
[TIME]11,71000000,72000000,1.9261,150.5408
[TIME]4,71000000,72000000,1.9232,150.6027
[TIME]6,71000000,72000000,1.9254,150.6143
[TIME]8,71000000,72000000,1.9257,150.6750
[TIME]10,71000000,72000000,1.9273,150.6762
[TIME]12,71000000,72000000,1.9293,150.6823
[TIME]3,72000000,73000000,1.9278,152.2229
[TIME]1,72000000,73000000,1.9293,152.2670
[TIME]0,72000000,73000000,1.9296,152.2846
[TIME]9,72000000,73000000,1.9293,152.3029
[TIME]13,72000000,73000000,1.9275,152.3255
[TIME]14,72000000,73000000,1.9301,152.3743
[TIME]7,72000000,73000000,1.9290,152.3850
[TIME]15,72000000,73000000,1.9329,152.4239
[TIME]2,72000000,73000000,1.9316,152.4320
[TIME]5,72000000,73000000,1.9309,152.4364
[TIME]11,72000000,73000000,1.9309,152.4717
[TIME]4,72000000,73000000,1.9300,152.5327
[TIME]6,72000000,73000000,1.9309,152.5452
[TIME]8,72000000,73000000,1.9302,152.6052
[TIME]10,72000000,73000000,1.9322,152.6084
[TIME]12,72000000,73000000,1.9339,152.6162
[TIME]3,73000000,74000000,1.9323,154.1552
[TIME]1,73000000,74000000,1.9324,154.1994
[TIME]0,73000000,74000000,1.9308,154.2153
[TIME]9,73000000,74000000,1.9322,154.2350
[TIME]13,73000000,74000000,1.9310,154.2565
[TIME]14,73000000,74000000,1.9329,154.3072
[TIME]7,73000000,74000000,1.9312,154.3162
[TIME]15,73000000,74000000,1.9350,154.3590
[TIME]2,73000000,74000000,1.9344,154.3664
[TIME]5,73000000,74000000,1.9322,154.3686
[TIME]11,73000000,74000000,1.9322,154.4039
[TIME]4,73000000,74000000,1.9312,154.4639
[TIME]6,73000000,74000000,1.9347,154.4800
[TIME]8,73000000,74000000,1.9345,154.5397
[TIME]10,73000000,74000000,1.9356,154.5440
[TIME]12,73000000,74000000,1.9388,154.5550
[TIME]3,74000000,75000000,1.9356,156.0909
[TIME]1,74000000,75000000,1.9387,156.1380
[TIME]0,74000000,75000000,1.9365,156.1518
[TIME]9,74000000,75000000,1.9356,156.1706
[TIME]13,74000000,75000000,1.9323,156.1889
[TIME]14,74000000,75000000,1.9295,156.2366
[TIME]7,74000000,75000000,1.9269,156.2431
[TIME]15,74000000,75000000,1.9242,156.2832
[TIME]2,74000000,75000000,1.9220,156.2885
[TIME]5,74000000,75000000,1.9210,156.2896
[TIME]11,74000000,75000000,1.9112,156.3151
[TIME]4,74000000,75000000,1.8950,156.3589
[TIME]6,74000000,75000000,1.8916,156.3716
[TIME]8,74000000,75000000,1.8718,156.4115
[TIME]10,74000000,75000000,1.8708,156.4148
[TIME]12,74000000,75000000,1.8696,156.4246
Current # of Segments 2097569 
Current # of Segments 2097570 
Current # of Segments 2097570 
Current # of Segments 2097570 
Current # of Segments 2097570 
Current # of Segments 2097570 
Current # of Segments 2097570 
Current # of Segments 2097570 
Current # of Segments 2097570 
Current # of Segments 2097570 
Current # of Segments 2097570 
Current # of Segments 2097570 
Current # of Segments 2097570 
Current # of Segments 2097570 
Current # of Segments 2097570 
Current # of Segments 2097570 
[Report]1200000000 operations, 157.36 real_elapsed 
dimm_num = 6 
DIMM0 | Read from IMC | Write from IMC |  Read DIMM  |  Write DIMM  |   RA   |   WA   |
  MB  |     114199.85 |       57666.47 |   262745.53 |    165705.00 |   2.30 |   2.87 |
DIMM1 | Read from IMC | Write from IMC |  Read DIMM  |  Write DIMM  |   RA   |   WA   |
  MB  |     114184.47 |       57659.78 |   262988.19 |    165780.12 |   2.30 |   2.88 |
DIMM2 | Read from IMC | Write from IMC |  Read DIMM  |  Write DIMM  |   RA   |   WA   |
  MB  |     114205.74 |       57665.93 |   262039.16 |    165498.66 |   2.29 |   2.87 |
DIMM3 | Read from IMC | Write from IMC |  Read DIMM  |  Write DIMM  |   RA   |   WA   |
  MB  |      70578.61 |       34558.73 |   129952.42 |     72526.20 |   1.84 |   2.10 |
DIMM4 | Read from IMC | Write from IMC |  Read DIMM  |  Write DIMM  |   RA   |   WA   |
  MB  |      70572.08 |       34559.60 |   129911.61 |     72540.72 |   1.84 |   2.10 |
DIMM5 | Read from IMC | Write from IMC |  Read DIMM  |  Write DIMM  |   RA   |   WA   |
  MB  |      70562.47 |       34559.64 |   129537.47 |     72361.48 |   1.84 |   2.09 |
*SUM* | DIMM-R:  7446.5 MB/s. User-R:  3506.4 MB/s   | DIMM-W:  4519.2 MB/s, User-W:  1750.1 MB/s. Time: 158.08s
*SUMSUM* | DIMM-R: 1177174.4 MB| User-R: 554303.2 MB   | DIMM-W: 714412.2 MB | User-W: 276670.2 MB | Time: 158.08s
[32mDestroy IPMWatcher.
[0m
