CCEH-BUFLOG 
Directory capacity: 16384. depth 14
Randomize the trace...
[32mStart IPMWatcher for load
[0mthread 15, between 112500000 - 120000000
thread  7, between 52500000 - 60000000
thread 10, between 75000000 - 82500000
thread 11, between 82500000 - 90000000
thread  5, between 37500000 - 45000000
thread  0, between 0 - 7500000
thread  8, between 60000000 - 67500000
thread  9, between 67500000 - 75000000
thread 13, between 97500000 - 105000000
thread  1, between 7500000 - 15000000
thread  6, between 45000000 - 52500000
thread 14, between 105000000 - 112500000
thread  2, between 15000000 - 22500000
thread  4, between 30000000 - 37500000
thread 12, between 90000000 - 97500000
thread  3, between 22500000 - 30000000
TIME|10,0,213000,0.1001,0.1001
TIME|5,0,201000,0.1001,0.1001
TIME|8,0,224000,0.1002,0.1002
TIME|12,0,212000,0.1001,0.1001
TIME|3,0,223000,0.1002,0.1002
TIME|4,0,220000,0.1002,0.1002
TIME|9,0,208000,0.1002,0.1002
TIME|0,0,216000,0.1001,0.1001
TIME|13,0,224000,0.1002,0.1002
TIME|7,0,232000,0.1003,0.1003
TIME|6,0,205000,0.1002,0.1002
TIME|15,0,210000,0.1003,0.1003
TIME|2,0,204000,0.1002,0.1002
TIME|1,0,209000,0.1003,0.1003
TIME|14,0,219000,0.1002,0.1002
TIME|11,0,208000,0.1002,0.1002
TIME|8,224000,398000,0.0998,0.2000
TIME|10,213000,387000,0.1000,0.2001
TIME|14,219000,399000,0.0999,0.2001
TIME|6,205000,372000,0.1000,0.2001
TIME|1,209000,381000,0.1000,0.2002
TIME|3,223000,385000,0.1000,0.2002
TIME|13,224000,400000,0.1000,0.2003
TIME|11,208000,384000,0.1001,0.2003
TIME|0,216000,377000,0.1004,0.2005
TIME|4,220000,396000,0.1007,0.2009
TIME|5,201000,372000,0.1009,0.2010
TIME|2,204000,384000,0.1014,0.2016
TIME|7,232000,387000,0.1014,0.2017
TIME|15,210000,377000,0.1015,0.2018
TIME|12,212000,394000,0.1026,0.2026
TIME|9,208000,379000,0.1030,0.2031
Double Directory
Directory capacity: 32768. depth 15
TIME|8,398000,589000,0.1000,0.3000
TIME|13,400000,587000,0.0998,0.3001
TIME|9,379000,567000,0.0970,0.3001
TIME|0,377000,566000,0.0996,0.3000
TIME|1,381000,568000,0.0998,0.3001
TIME|6,372000,568000,0.1000,0.3002
TIME|7,387000,580000,0.0984,0.3001
TIME|10,387000,593000,0.1000,0.3001
TIME|3,385000,586000,0.1000,0.3002
TIME|12,394000,576000,0.0974,0.3000
TIME|5,372000,565000,0.0993,0.3003
TIME|14,399000,589000,0.1002,0.3003
TIME|4,396000,588000,0.0994,0.3003
TIME|11,384000,592000,0.1004,0.3007
TIME|2,384000,565000,0.0992,0.3008
TIME|15,377000,567000,0.0991,0.3009
TIME|3,586000,709000,0.0999,0.4001
TIME|0,566000,694000,0.1000,0.4001
TIME|13,587000,720000,0.1000,0.4001
TIME|10,593000,718000,0.1001,0.4002
TIME|9,567000,694000,0.1001,0.4002
TIME|11,592000,716000,0.0997,0.4004
TIME|2,565000,692000,0.0997,0.4004
TIME|5,565000,689000,0.1002,0.4005
TIME|7,580000,704000,0.1004,0.4005
TIME|6,568000,701000,0.1003,0.4005
TIME|12,576000,710000,0.1007,0.4007
TIME|1,568000,704000,0.1008,0.4009
TIME|14,589000,717000,0.1011,0.4014
TIME|4,588000,716000,0.1015,0.4019
TIME|8,589000,714000,0.1020,0.4020
TIME|15,567000,702000,0.1014,0.4023
TIME|15,702000,788000,0.0978,0.5001
TIME|5,689000,774000,0.0996,0.5001
TIME|8,714000,796000,0.0981,0.5001
TIME|2,692000,777000,0.0997,0.5001
TIME|9,694000,777000,0.1001,0.5003
TIME|4,716000,811000,0.0985,0.5003
TIME|7,704000,801000,0.1000,0.5005
TIME|3,709000,799000,0.1004,0.5005
TIME|10,718000,810000,0.1004,0.5006
TIME|12,710000,799000,0.0999,0.5006
TIME|14,717000,805000,0.0992,0.5006
TIME|0,694000,785000,0.1007,0.5008
TIME|1,704000,796000,0.1001,0.5010
TIME|6,701000,784000,0.1007,0.5011
TIME|13,720000,813000,0.1014,0.5015
TIME|11,716000,808000,0.1016,0.5020
Double Directory
Directory capacity: 65536. depth 16
TIME|9,777000,945000,0.0997,0.6000
TIME|12,799000,964000,0.0994,0.6000
TIME|6,784000,959000,0.0989,0.6001
TIME|0,785000,959000,0.0993,0.6001
TIME|5,774000,941000,0.1001,0.6001
TIME|15,788000,957000,0.1002,0.6002
TIME|13,813000,987000,0.0988,0.6002
TIME|1,796000,970000,0.0993,0.6003
TIME|4,811000,973000,0.0999,0.6003
TIME|3,799000,959000,0.0998,0.6003
TIME|2,777000,949000,0.1001,0.6002
TIME|10,810000,976000,0.0997,0.6003
TIME|8,796000,972000,0.1001,0.6002
TIME|14,805000,969000,0.0998,0.6003
TIME|11,808000,975000,0.0983,0.6003
TIME|7,801000,971000,0.0998,0.6003
TIME|12,964000,1131000,0.1000,0.7000
TIME|4,973000,1143000,0.0998,0.7001
TIME|8,972000,1142000,0.0999,0.7001
TIME|7,971000,1145000,0.0999,0.7002
TIME|6,959000,1136000,0.1001,0.7001
TIME|9,945000,1111000,0.1002,0.7002
TIME|0,959000,1135000,0.1001,0.7002
TIME|1,970000,1148000,0.1000,0.7003
TIME|11,975000,1144000,0.1001,0.7003
TIME|10,976000,1151000,0.1001,0.7004
TIME|15,957000,1125000,0.1002,0.7004
TIME|3,959000,1131000,0.1001,0.7004
TIME|14,969000,1141000,0.1002,0.7005
TIME|13,987000,1157000,0.1003,0.7005
TIME|5,941000,1115000,0.1006,0.7007
TIME|2,949000,1116000,0.1005,0.7007
TIME|15,1125000,1282000,0.0997,0.8001
TIME|6,1136000,1293000,0.0999,0.8001
TIME|7,1145000,1298000,0.1000,0.8001
TIME|4,1143000,1293000,0.1000,0.8001
TIME|14,1141000,1290000,0.0999,0.8004
TIME|8,1142000,1292000,0.1003,0.8004
TIME|13,1157000,1305000,0.1000,0.8005
TIME|12,1131000,1288000,0.1005,0.8005
TIME|5,1115000,1269000,0.0999,0.8006
TIME|2,1116000,1267000,0.0998,0.8005
TIME|9,1111000,1266000,0.1005,0.8007
TIME|1,1148000,1305000,0.1004,0.8007
TIME|0,1135000,1289000,0.1007,0.8010
TIME|3,1131000,1285000,0.1007,0.8012
TIME|10,1151000,1309000,0.1014,0.8017
TIME|11,1144000,1297000,0.1017,0.8020
TIME|15,1282000,1372000,0.1000,0.9001
TIME|0,1289000,1380000,0.0992,0.9002
TIME|1,1305000,1392000,0.0996,0.9002
TIME|8,1292000,1383000,0.0998,0.9003
TIME|7,1298000,1387000,0.1002,0.9003
TIME|3,1285000,1375000,0.0991,0.9002
TIME|2,1267000,1362000,0.0998,0.9004
TIME|13,1305000,1399000,0.0999,0.9004
TIME|12,1288000,1385000,0.1000,0.9005
TIME|10,1309000,1399000,0.0988,0.9006
TIME|11,1297000,1387000,0.0986,0.9006
TIME|6,1293000,1387000,0.1006,0.9006
TIME|4,1293000,1387000,0.1005,0.9006
TIME|14,1290000,1383000,0.1002,0.9007
TIME|9,1266000,1358000,0.1000,0.9007
TIME|5,1269000,1360000,0.1002,0.9007
TIME|2,1362000,1472000,0.0997,1.0000
TIME|1,1392000,1508000,0.0998,1.0001
TIME|12,1385000,1502000,0.0997,1.0002
TIME|4,1387000,1503000,0.0996,1.0002
TIME|5,1360000,1478000,0.0996,1.0003
TIME|9,1358000,1473000,0.0997,1.0003
TIME|10,1399000,1515000,0.0999,1.0005
TIME|14,1383000,1495000,0.0998,1.0004
TIME|11,1387000,1509000,0.0999,1.0005
TIME|3,1375000,1491000,0.1003,1.0005
TIME|8,1383000,1501000,0.1004,1.0007
TIME|13,1399000,1517000,0.1002,1.0006
TIME|15,1372000,1496000,0.1007,1.0007
TIME|7,1387000,1504000,0.1006,1.0009
TIME|0,1380000,1499000,0.1012,1.0013
TIME|6,1387000,1505000,0.1012,1.0018
TIME|9,1473000,1576000,0.0997,1.1000
TIME|1,1508000,1609000,0.1000,1.1001
TIME|6,1505000,1600000,0.0984,1.1002
TIME|8,1501000,1604000,0.0996,1.1003
TIME|7,1504000,1603000,0.0994,1.1003
TIME|12,1502000,1591000,0.1001,1.1003
TIME|10,1515000,1611000,0.1000,1.1004
TIME|3,1491000,1588000,0.0999,1.1004
TIME|5,1478000,1578000,0.1001,1.1005
TIME|4,1503000,1605000,0.1003,1.1005
TIME|13,1517000,1616000,0.0999,1.1005
TIME|0,1499000,1603000,0.0993,1.1006
TIME|14,1495000,1598000,0.1002,1.1006
TIME|11,1509000,1615000,0.1001,1.1006
TIME|15,1496000,1598000,0.0999,1.1007
TIME|2,1472000,1572000,0.1007,1.1007
TIME|1,1609000,1745000,0.0999,1.2000
TIME|10,1611000,1745000,0.0997,1.2001
TIME|6,1600000,1726000,0.0999,1.2001
TIME|9,1576000,1709000,0.1002,1.2002
TIME|8,1604000,1732000,0.1000,1.2002
TIME|14,1598000,1724000,0.0996,1.2002
TIME|15,1598000,1726000,0.0997,1.2004
TIME|4,1605000,1735000,0.0999,1.2003
TIME|2,1572000,1703000,0.0997,1.2004
TIME|13,1616000,1747000,0.0999,1.2004
TIME|7,1603000,1741000,0.1001,1.2005
TIME|0,1603000,1734000,0.0999,1.2005
TIME|11,1615000,1750000,0.0998,1.2005
TIME|12,1591000,1713000,0.1002,1.2005
TIME|5,1578000,1709000,0.1000,1.2005
TIME|3,1588000,1723000,0.1002,1.2006
Double Directory
Directory capacity: 131072. depth 17
TIME|10,1745000,1882000,0.0999,1.3001
TIME|2,1703000,1832000,0.0997,1.3001
TIME|9,1709000,1839000,0.0999,1.3001
TIME|14,1724000,1849000,0.0999,1.3001
TIME|11,1750000,1880000,0.0998,1.3002
TIME|15,1726000,1852000,0.0999,1.3003
TIME|3,1723000,1855000,0.0996,1.3002
TIME|12,1713000,1845000,0.0999,1.3003
TIME|7,1741000,1872000,0.1000,1.3005
TIME|0,1734000,1863000,0.1000,1.3005
TIME|1,1745000,1877000,0.1005,1.3005
TIME|4,1735000,1868000,0.1002,1.3005
TIME|5,1709000,1841000,0.1001,1.3006
TIME|8,1732000,1863000,0.1003,1.3005
TIME|13,1747000,1878000,0.1004,1.3008
TIME|6,1726000,1862000,0.1015,1.3016
TIME|9,1839000,1960000,0.0999,1.4000
TIME|11,1880000,2000000,0.0999,1.4001
TIME|0,1863000,1981000,0.0996,1.4001
TIME|5,1841000,1960000,0.0995,1.4001
TIME|6,1862000,1980000,0.0986,1.4002
TIME|1,1877000,1995000,0.0997,1.4002
TIME|4,1868000,1986000,0.0997,1.4003
TIME|3,1855000,1977000,0.1001,1.4003
TIME|14,1849000,1970000,0.1002,1.4003
TIME|13,1878000,1995000,0.0995,1.4003
TIME|10,1882000,2003000,0.1003,1.4004
TIME|8,1863000,1984000,0.0999,1.4004
TIME|2,1832000,1959000,0.1003,1.4004
TIME|12,1845000,1963000,0.1002,1.4005
TIME|15,1852000,1972000,0.1004,1.4006
TIME|7,1872000,1989000,0.1001,1.4006
TIME|6,1980000,2098000,0.0999,1.5001
TIME|15,1972000,2088000,0.0996,1.5002
TIME|11,2000000,2128000,0.1001,1.5002
TIME|8,1984000,2105000,0.0998,1.5002
TIME|0,1981000,2094000,0.1002,1.5003
TIME|4,1986000,2097000,0.1000,1.5003
TIME|5,1960000,2084000,0.1004,1.5005
TIME|7,1989000,2108000,0.1000,1.5006
TIME|12,1963000,2077000,0.1001,1.5006
TIME|9,1960000,2077000,0.1006,1.5006
TIME|10,2003000,2123000,0.1003,1.5007
TIME|14,1970000,2086000,0.1004,1.5007
TIME|1,1995000,2119000,0.1005,1.5007
TIME|13,1995000,2111000,0.1006,1.5009
TIME|2,1959000,2078000,0.1010,1.5014
TIME|3,1977000,2095000,0.1017,1.5020
TIME|11,2128000,2245000,0.0999,1.6002
TIME|7,2108000,2228000,0.0996,1.6002
TIME|12,2077000,2197000,0.0997,1.6002
TIME|0,2094000,2206000,0.1000,1.6003
TIME|6,2098000,2216000,0.1002,1.6003
TIME|14,2086000,2201000,0.0998,1.6004
TIME|4,2097000,2214000,0.1002,1.6005
TIME|8,2105000,2222000,0.1003,1.6006
TIME|13,2111000,2230000,0.0997,1.6006
TIME|2,2078000,2196000,0.0992,1.6006
TIME|15,2088000,2204000,0.1005,1.6006
TIME|9,2077000,2191000,0.1000,1.6006
TIME|5,2084000,2203000,0.1001,1.6006
TIME|10,2123000,2241000,0.1000,1.6007
TIME|1,2119000,2236000,0.1006,1.6013
TIME|3,2095000,2213000,0.0998,1.6017
TIME|8,2222000,2349000,0.0995,1.7000
TIME|4,2214000,2343000,0.0996,1.7001
TIME|3,2213000,2342000,0.0984,1.7001
TIME|15,2204000,2330000,0.0996,1.7002
TIME|1,2236000,2357000,0.0990,1.7002
TIME|11,2245000,2371000,0.1001,1.7003
TIME|0,2206000,2333000,0.1001,1.7003
TIME|5,2203000,2326000,0.0998,1.7004
TIME|6,2216000,2341000,0.1001,1.7004
TIME|2,2196000,2321000,0.0998,1.7004
TIME|12,2197000,2323000,0.1002,1.7004
TIME|9,2191000,2320000,0.0998,1.7004
TIME|7,2228000,2355000,0.1003,1.7005
TIME|14,2201000,2327000,0.1001,1.7005
TIME|13,2230000,2357000,0.1000,1.7006
TIME|10,2241000,2367000,0.0999,1.7006
TIME|15,2330000,2464000,0.0999,1.8001
TIME|7,2355000,2490000,0.0996,1.8002
TIME|13,2357000,2490000,0.0995,1.8001
TIME|0,2333000,2469000,0.0999,1.8002
TIME|4,2343000,2481000,0.1001,1.8002
TIME|12,2323000,2455000,0.0999,1.8003
TIME|8,2349000,2486000,0.1003,1.8003
TIME|2,2321000,2456000,0.0999,1.8003
TIME|5,2326000,2459000,0.1000,1.8004
TIME|6,2341000,2477000,0.1000,1.8004
TIME|9,2320000,2451000,0.1000,1.8004
TIME|11,2371000,2508000,0.1001,1.8005
TIME|14,2327000,2463000,0.0999,1.8004
TIME|10,2367000,2497000,0.0999,1.8005
TIME|1,2357000,2489000,0.1003,1.8006
TIME|3,2342000,2478000,0.1008,1.8009
TIME|7,2490000,2606000,0.0998,1.9000
TIME|6,2477000,2597000,0.0997,1.9000
TIME|0,2469000,2590000,0.0999,1.9001
TIME|5,2459000,2577000,0.0999,1.9002
TIME|13,2490000,2608000,0.1001,1.9002
TIME|2,2456000,2571000,0.1000,1.9003
TIME|4,2481000,2604000,0.1002,1.9004
TIME|3,2478000,2596000,0.0995,1.9004
TIME|1,2489000,2607000,0.1000,1.9005
TIME|15,2464000,2573000,0.1005,1.9006
TIME|11,2508000,2624000,0.1002,1.9007
TIME|8,2486000,2601000,0.1004,1.9007
TIME|10,2497000,2603000,0.1003,1.9008
TIME|14,2463000,2585000,0.1004,1.9008
TIME|9,2451000,2553000,0.1005,1.9009
TIME|12,2455000,2573000,0.1006,1.9009
TIME|13,2608000,2699000,0.0998,2.0000
TIME|7,2606000,2694000,0.1000,2.0000
TIME|3,2596000,2689000,0.0996,2.0001
TIME|12,2573000,2662000,0.0992,2.0001
TIME|11,2624000,2720000,0.0998,2.0004
TIME|15,2573000,2669000,0.0999,2.0005
TIME|10,2603000,2694000,0.0997,2.0005
TIME|9,2553000,2647000,0.0997,2.0007
TIME|5,2577000,2674000,0.1005,2.0007
TIME|14,2585000,2673000,0.1000,2.0008
TIME|2,2571000,2668000,0.1005,2.0008
TIME|4,2604000,2697000,0.1005,2.0009
TIME|1,2607000,2700000,0.1004,2.0009
TIME|6,2597000,2693000,0.1009,2.0009
TIME|0,2590000,2686000,0.1011,2.0011
TIME|8,2601000,2695000,0.1005,2.0012
TIME|11,2720000,2818000,0.0997,2.1002
TIME|12,2662000,2764000,0.1001,2.1002
TIME|9,2647000,2745000,0.0995,2.1002
TIME|15,2669000,2767000,0.0998,2.1003
TIME|4,2697000,2800000,0.0995,2.1004
TIME|10,2694000,2795000,0.1000,2.1005
TIME|14,2673000,2772000,0.0997,2.1005
TIME|13,2699000,2798000,0.1005,2.1005
TIME|5,2674000,2776000,0.0998,2.1006
TIME|3,2689000,2794000,0.1005,2.1005
TIME|7,2694000,2796000,0.1006,2.1006
TIME|6,2693000,2794000,0.0997,2.1007
TIME|2,2668000,2762000,0.1000,2.1008
TIME|1,2700000,2800000,0.1000,2.1009
TIME|0,2686000,2784000,0.0998,2.1009
TIME|8,2695000,2797000,0.1005,2.1017
TIME|12,2764000,2884000,0.0999,2.2001
TIME|3,2794000,2908000,0.0996,2.2001
TIME|10,2795000,2913000,0.0999,2.2003
TIME|4,2800000,2915000,0.0999,2.2003
TIME|9,2745000,2864000,0.1002,2.2004
TIME|14,2772000,2891000,0.1000,2.2005
TIME|0,2784000,2900000,0.0997,2.2006
TIME|5,2776000,2895000,0.1001,2.2006
TIME|8,2797000,2910000,0.0990,2.2006
TIME|15,2767000,2881000,0.1004,2.2007
TIME|7,2796000,2911000,0.1001,2.2007
TIME|2,2762000,2882000,0.0999,2.2007
TIME|6,2794000,2912000,0.1001,2.2007
TIME|11,2818000,2937000,0.1006,2.2007
TIME|1,2800000,2917000,0.0999,2.2008
TIME|13,2798000,2910000,0.1002,2.2007
TIME|7,2911000,3014000,0.0993,2.3000
TIME|4,2915000,3017000,0.0997,2.3001
TIME|8,2910000,3011000,0.0995,2.3002
TIME|11,2937000,3039000,0.0995,2.3002
TIME|13,2910000,3013000,0.0995,2.3002
TIME|1,2917000,3017000,0.0995,2.3002
TIME|3,2908000,3013000,0.1001,2.3002
TIME|2,2882000,2985000,0.0995,2.3002
TIME|12,2884000,2986000,0.1002,2.3003
TIME|14,2891000,2992000,0.0998,2.3003
TIME|6,2912000,3010000,0.0996,2.3003
TIME|9,2864000,2966000,0.1000,2.3004
TIME|10,2913000,3017000,0.1002,2.3005
TIME|0,2900000,3003000,0.0999,2.3005
TIME|15,2881000,2990000,0.0998,2.3006
TIME|5,2895000,3002000,0.1010,2.3017
TIME|4,3017000,3115000,0.1001,2.4001
TIME|3,3013000,3109000,0.1000,2.4002
TIME|15,2990000,3087000,0.0997,2.4003
TIME|9,2966000,3065000,0.1000,2.4004
TIME|7,3014000,3114000,0.1005,2.4005
TIME|5,3002000,3101000,0.0989,2.4005
TIME|12,2986000,3082000,0.1003,2.4006
TIME|2,2985000,3084000,0.1004,2.4006
TIME|6,3010000,3111000,0.1004,2.4007
TIME|14,2992000,3088000,0.1004,2.4008
TIME|10,3017000,3110000,0.1003,2.4008
TIME|8,3011000,3113000,0.1007,2.4008
TIME|11,3039000,3138000,0.1008,2.4010
TIME|1,3017000,3114000,0.1008,2.4011
TIME|13,3013000,3110000,0.1009,2.4011
TIME|0,3003000,3095000,0.1008,2.4013
TIME|5,3101000,3199000,0.0998,2.5003
TIME|3,3109000,3212000,0.1001,2.5003
TIME|2,3084000,3187000,0.0998,2.5004
TIME|6,3111000,3211000,0.0997,2.5004
TIME|11,3138000,3240000,0.0995,2.5005
TIME|12,3082000,3181000,0.1000,2.5006
TIME|7,3114000,3215000,0.1002,2.5007
TIME|1,3114000,3216000,0.0996,2.5006
TIME|9,3065000,3167000,0.1003,2.5007
TIME|0,3095000,3201000,0.0995,2.5008
TIME|14,3088000,3191000,0.1002,2.5009
TIME|10,3110000,3213000,0.1002,2.5011
TIME|8,3113000,3214000,0.1006,2.5014
TIME|13,3110000,3214000,0.1007,2.5018
TIME|15,3087000,3192000,0.1024,2.5027
TIME|4,3115000,3222000,0.1031,2.5032
TIME|12,3181000,3286000,0.0994,2.6000
TIME|2,3187000,3288000,0.0997,2.6001
TIME|3,3212000,3316000,0.0999,2.6002
TIME|9,3167000,3267000,0.0996,2.6003
TIME|15,3192000,3292000,0.0977,2.6004
TIME|10,3213000,3313000,0.0994,2.6004
TIME|7,3215000,3314000,0.0998,2.6005
TIME|14,3191000,3291000,0.0997,2.6006
TIME|11,3240000,3344000,0.1002,2.6007
TIME|8,3214000,3316000,0.0994,2.6007
TIME|4,3222000,3321000,0.0976,2.6007
TIME|0,3201000,3299000,0.1000,2.6008
TIME|6,3211000,3312000,0.1004,2.6008
TIME|5,3199000,3302000,0.1005,2.6008
TIME|13,3214000,3314000,0.0992,2.6010
TIME|1,3216000,3326000,0.1004,2.6010
TIME|3,3316000,3416000,0.0999,2.7000
TIME|15,3292000,3392000,0.0997,2.7002
TIME|10,3313000,3411000,0.0997,2.7002
TIME|6,3312000,3411000,0.0994,2.7003
TIME|2,3288000,3389000,0.1002,2.7003
TIME|12,3286000,3384000,0.1002,2.7003
TIME|8,3316000,3415000,0.0995,2.7003
TIME|11,3344000,3444000,0.0997,2.7004
TIME|4,3321000,3421000,0.0997,2.7004
TIME|9,3267000,3369000,0.1001,2.7005
TIME|14,3291000,3391000,0.1000,2.7005
TIME|7,3314000,3415000,0.1001,2.7006
TIME|13,3314000,3411000,0.0997,2.7007
TIME|0,3299000,3397000,0.0999,2.7007
TIME|5,3302000,3400000,0.0999,2.7007
TIME|1,3326000,3426000,0.1000,2.7010
TIME|1,3426000,3531000,0.0990,2.8000
TIME|5,3400000,3502000,0.0994,2.8001
TIME|12,3384000,3486000,0.0998,2.8001
TIME|13,3411000,3512000,0.0995,2.8001
TIME|6,3411000,3516000,0.1000,2.8002
TIME|11,3444000,3549000,0.0999,2.8003
TIME|8,3415000,3519000,0.1001,2.8004
TIME|0,3397000,3499000,0.0998,2.8005
TIME|10,3411000,3518000,0.1004,2.8006
TIME|2,3389000,3490000,0.1004,2.8007
TIME|3,3416000,3517000,0.1007,2.8007
TIME|14,3391000,3498000,0.1003,2.8008
TIME|7,3415000,3521000,0.1006,2.8012
TIME|9,3369000,3478000,0.1010,2.8014
TIME|15,3392000,3494000,0.1016,2.8018
TIME|4,3421000,3530000,0.1014,2.8018
TIME|12,3486000,3593000,0.0999,2.9000
TIME|0,3499000,3605000,0.0997,2.9002
TIME|4,3530000,3642000,0.0985,2.9003
TIME|2,3490000,3600000,0.0997,2.9005
TIME|9,3478000,3586000,0.0991,2.9005
TIME|13,3512000,3618000,0.1004,2.9006
TIME|5,3502000,3610000,0.1005,2.9006
TIME|14,3498000,3607000,0.0997,2.9006
TIME|1,3531000,3643000,0.1006,2.9006
TIME|6,3516000,3627000,0.1005,2.9007
TIME|15,3494000,3602000,0.0990,2.9008
TIME|7,3521000,3637000,0.0996,2.9008
TIME|8,3519000,3625000,0.1005,2.9008
TIME|11,3549000,3659000,0.1005,2.9008
TIME|3,3517000,3623000,0.1001,2.9008
TIME|10,3518000,3631000,0.1006,2.9012
TIME|0,3605000,3715000,0.0998,3.0000
TIME|4,3642000,3756000,0.0997,3.0000
TIME|9,3586000,3703000,0.0997,3.0002
TIME|6,3627000,3742000,0.0995,3.0002
TIME|13,3618000,3731000,0.0996,3.0002
TIME|11,3659000,3771000,0.0994,3.0003
TIME|7,3637000,3747000,0.0995,3.0003
TIME|8,3625000,3739000,0.0994,3.0002
TIME|10,3631000,3747000,0.0992,3.0004
TIME|2,3600000,3715000,0.0999,3.0003
TIME|12,3593000,3706000,0.1004,3.0004
TIME|5,3610000,3727000,0.0999,3.0005
TIME|14,3607000,3722000,0.1000,3.0006
TIME|15,3602000,3719000,0.0999,3.0007
TIME|3,3623000,3734000,0.0999,3.0008
TIME|1,3643000,3759000,0.1009,3.0015
Double Directory
Directory capacity: 262144. depth 18
TIME|15,3719000,3822000,0.0994,3.1001
TIME|12,3706000,3812000,0.0997,3.1002
TIME|4,3756000,3865000,0.1003,3.1003
TIME|13,3731000,3839000,0.1002,3.1003
TIME|2,3715000,3822000,0.1001,3.1004
TIME|1,3759000,3865000,0.0989,3.1004
TIME|9,3703000,3810000,0.1002,3.1004
TIME|6,3742000,3850000,0.1003,3.1005
TIME|14,3722000,3827000,0.1000,3.1005
TIME|8,3739000,3845000,0.1003,3.1005
TIME|0,3715000,3819000,0.1005,3.1006
TIME|7,3747000,3857000,0.1004,3.1006
TIME|5,3727000,3838000,0.1001,3.1006
TIME|10,3747000,3855000,0.1004,3.1007
TIME|3,3734000,3842000,0.1000,3.1008
TIME|11,3771000,3880000,0.1007,3.1010
TIME|10,3855000,3974000,0.0993,3.2000
TIME|9,3810000,3927000,0.0996,3.2000
TIME|12,3812000,3929000,0.0999,3.2000
TIME|4,3865000,3983000,0.0998,3.2001
TIME|0,3819000,3939000,0.0996,3.2001
TIME|5,3838000,3952000,0.0995,3.2001
TIME|2,3822000,3938000,0.0998,3.2002
TIME|8,3845000,3961000,0.0998,3.2003
TIME|14,3827000,3938000,0.0999,3.2004
TIME|6,3850000,3969000,0.1000,3.2005
TIME|15,3822000,3943000,0.1004,3.2005
TIME|3,3842000,3958000,0.0997,3.2005
TIME|1,3865000,3979000,0.1001,3.2005
TIME|7,3857000,3976000,0.1000,3.2006
TIME|11,3880000,3993000,0.0997,3.2007
TIME|13,3839000,3949000,0.1004,3.2007
TIME|10,3974000,4089000,0.1000,3.3000
TIME|15,3943000,4058000,0.0995,3.3001
TIME|3,3958000,4073000,0.0996,3.3001
TIME|14,3938000,4053000,0.0997,3.3002
TIME|2,3938000,4055000,0.1001,3.3003
TIME|8,3961000,4081000,0.1000,3.3004
TIME|11,3993000,4107000,0.0997,3.3004
TIME|12,3929000,4044000,0.1005,3.3005
TIME|4,3983000,4098000,0.1005,3.3005
TIME|13,3949000,4064000,0.0999,3.3006
TIME|7,3976000,4095000,0.1001,3.3007
TIME|9,3927000,4041000,0.1006,3.3007
TIME|1,3979000,4099000,0.1002,3.3007
TIME|5,3952000,4072000,0.1006,3.3007
TIME|6,3969000,4087000,0.1003,3.3007
TIME|0,3939000,4057000,0.1006,3.3008
TIME|11,4107000,4214000,0.0997,3.4001
TIME|0,4057000,4165000,0.0993,3.4001
TIME|12,4044000,4147000,0.0996,3.4001
TIME|5,4072000,4179000,0.0994,3.4001
TIME|2,4055000,4163000,0.0999,3.4002
TIME|7,4095000,4201000,0.0996,3.4002
TIME|13,4064000,4172000,0.0997,3.4003
TIME|15,4058000,4166000,0.1003,3.4003
TIME|9,4041000,4146000,0.0997,3.4003
TIME|6,4087000,4195000,0.0999,3.4006
TIME|14,4053000,4160000,0.1005,3.4006
TIME|4,4098000,4207000,0.1001,3.4006
TIME|8,4081000,4191000,0.1004,3.4007
TIME|1,4099000,4208000,0.1001,3.4008
TIME|3,4073000,4181000,0.1006,3.4008
TIME|10,4089000,4199000,0.1009,3.4009
TIME|11,4214000,4316000,0.0999,3.5000
TIME|2,4163000,4265000,0.0998,3.5000
TIME|7,4201000,4303000,0.1000,3.5002
TIME|0,4165000,4265000,0.1002,3.5003
TIME|5,4179000,4277000,0.1001,3.5003
TIME|12,4147000,4251000,0.1002,3.5003
TIME|8,4191000,4292000,0.0996,3.5004
TIME|4,4207000,4309000,0.0998,3.5004
TIME|3,4181000,4283000,0.0997,3.5005
TIME|13,4172000,4275000,0.1003,3.5006
TIME|6,4195000,4296000,0.1000,3.5006
TIME|9,4146000,4248000,0.1004,3.5008
TIME|14,4160000,4262000,0.1002,3.5008
TIME|1,4208000,4309000,0.1001,3.5009
TIME|15,4166000,4265000,0.1006,3.5009
TIME|10,4199000,4300000,0.1001,3.5010
TIME|10,4300000,4402000,0.0991,3.6001
TIME|13,4275000,4379000,0.0996,3.6002
TIME|6,4296000,4401000,0.0996,3.6002
TIME|9,4248000,4351000,0.0994,3.6002
TIME|5,4277000,4382000,0.0999,3.6002
TIME|14,4262000,4370000,0.0994,3.6002
TIME|4,4309000,4413000,0.0998,3.6003
TIME|15,4265000,4364000,0.0993,3.6002
TIME|8,4292000,4395000,0.0999,3.6003
TIME|3,4283000,4387000,0.0998,3.6003
TIME|12,4251000,4353000,0.1001,3.6004
TIME|7,4303000,4406000,0.1003,3.6005
TIME|11,4316000,4422000,0.1006,3.6006
TIME|2,4265000,4369000,0.1006,3.6006
TIME|0,4265000,4365000,0.1004,3.6006
TIME|1,4309000,4414000,0.1002,3.6011
TIME|0,4365000,4461000,0.0994,3.7001
TIME|1,4414000,4519000,0.0991,3.7002
TIME|10,4402000,4506000,0.1001,3.7002
TIME|12,4353000,4460000,0.0998,3.7002
TIME|13,4379000,4483000,0.1001,3.7002
TIME|11,4422000,4528000,0.0998,3.7004
TIME|15,4364000,4470000,0.1002,3.7004
TIME|7,4406000,4510000,0.1000,3.7005
TIME|5,4382000,4489000,0.1004,3.7006
TIME|2,4369000,4474000,0.1002,3.7008
TIME|14,4370000,4474000,0.1006,3.7008
TIME|6,4401000,4509000,0.1007,3.7008
TIME|9,4351000,4456000,0.1007,3.7009
TIME|3,4387000,4493000,0.1005,3.7008
TIME|4,4413000,4518000,0.1013,3.7015
TIME|8,4395000,4501000,0.1013,3.7016
TIME|7,4510000,4610000,0.0995,3.8000
TIME|2,4474000,4574000,0.0993,3.8000
TIME|5,4489000,4594000,0.0995,3.8001
TIME|12,4460000,4563000,0.0999,3.8001
TIME|8,4501000,4599000,0.0985,3.8001
TIME|3,4493000,4595000,0.0993,3.8001
TIME|10,4506000,4608000,0.0999,3.8001
TIME|11,4528000,4629000,0.1000,3.8003
TIME|14,4474000,4576000,0.0996,3.8004
TIME|6,4509000,4610000,0.0995,3.8004
TIME|4,4518000,4618000,0.0990,3.8005
TIME|15,4470000,4572000,0.1003,3.8007
TIME|13,4483000,4589000,0.1005,3.8007
TIME|0,4461000,4562000,0.1007,3.8008
TIME|9,4456000,4556000,0.1002,3.8010
TIME|1,4519000,4617000,0.1009,3.8011
TIME|13,4589000,4692000,0.0993,3.9000
TIME|15,4572000,4673000,0.0994,3.9001
TIME|3,4595000,4694000,0.1000,3.9001
TIME|5,4594000,4693000,0.1001,3.9002
TIME|10,4608000,4707000,0.1002,3.9003
TIME|8,4599000,4699000,0.1002,3.9003
TIME|6,4610000,4711000,0.0999,3.9003
TIME|12,4563000,4662000,0.1002,3.9003
TIME|1,4617000,4717000,0.0993,3.9004
TIME|7,4610000,4711000,0.1004,3.9004
TIME|11,4629000,4732000,0.1001,3.9005
TIME|14,4576000,4676000,0.1002,3.9006
TIME|4,4618000,4719000,0.1002,3.9006
TIME|0,4562000,4661000,0.1001,3.9009
TIME|9,4556000,4657000,0.0999,3.9009
TIME|2,4574000,4675000,0.1010,3.9010
TIME|8,4699000,4794000,0.0998,4.0000
TIME|11,4732000,4833000,0.0999,4.0003
TIME|12,4662000,4761000,0.1001,4.0003
TIME|14,4676000,4776000,0.0998,4.0004
TIME|9,4657000,4752000,0.0995,4.0004
TIME|5,4693000,4795000,0.1004,4.0006
TIME|7,4711000,4811000,0.1002,4.0007
TIME|0,4661000,4759000,0.0998,4.0007
TIME|13,4692000,4794000,0.1006,4.0007
TIME|1,4717000,4815000,0.1004,4.0007
TIME|6,4711000,4814000,0.1004,4.0008
TIME|3,4694000,4789000,0.1007,4.0008
TIME|10,4707000,4811000,0.1006,4.0009
TIME|4,4719000,4821000,0.1005,4.0012
TIME|15,4673000,4773000,0.1017,4.0018
TIME|2,4675000,4774000,0.1017,4.0027
TIME|1,4815000,4915000,0.0993,4.1000
TIME|12,4761000,4864000,0.0997,4.1000
TIME|8,4794000,4896000,0.1000,4.1001
TIME|13,4794000,4901000,0.0995,4.1002
TIME|9,4752000,4854000,0.0997,4.1002
TIME|2,4774000,4876000,0.0975,4.1002
TIME|4,4821000,4920000,0.0991,4.1002
TIME|15,4773000,4875000,0.0985,4.1003
TIME|10,4811000,4912000,0.0994,4.1002
TIME|3,4789000,4890000,0.0996,4.1003
TIME|0,4759000,4862000,0.0997,4.1004
TIME|5,4795000,4896000,0.0999,4.1004
TIME|7,4811000,4916000,0.1000,4.1006
TIME|11,4833000,4934000,0.1003,4.1007
TIME|6,4814000,4919000,0.0999,4.1006
TIME|14,4776000,4883000,0.1003,4.1007
TIME|7,4916000,5028000,0.0994,4.2000
TIME|8,4896000,5006000,0.1000,4.2001
TIME|1,4915000,5025000,0.1001,4.2001
TIME|11,4934000,5040000,0.0995,4.2002
TIME|14,4883000,4988000,0.0995,4.2002
TIME|4,4920000,5029000,0.1002,4.2004
TIME|13,4901000,5007000,0.1003,4.2004
TIME|15,4875000,4987000,0.1002,4.2005
TIME|2,4876000,4988000,0.1003,4.2005
TIME|0,4862000,4973000,0.1002,4.2006
TIME|10,4912000,5020000,0.1004,4.2006
TIME|3,4890000,4998000,0.1003,4.2007
TIME|12,4864000,4975000,0.1007,4.2007
TIME|5,4896000,5010000,0.1003,4.2008
TIME|6,4919000,5028000,0.1001,4.2007
TIME|9,4854000,4966000,0.1007,4.2009
TIME|10,5020000,5133000,0.0996,4.3002
TIME|1,5025000,5133000,0.1001,4.3002
TIME|8,5006000,5113000,0.1001,4.3003
TIME|0,4973000,5081000,0.0997,4.3003
TIME|14,4988000,5095000,0.1001,4.3003
TIME|13,5007000,5111000,0.1000,4.3005
TIME|6,5028000,5136000,0.0999,4.3006
TIME|3,4998000,5108000,0.0999,4.3006
TIME|5,5010000,5117000,0.1000,4.3008
TIME|7,5028000,5135000,0.1008,4.3008
TIME|11,5040000,5153000,0.1006,4.3008
TIME|9,4966000,5074000,0.0999,4.3008
TIME|4,5029000,5138000,0.1005,4.3009
TIME|12,4975000,5084000,0.1002,4.3009
TIME|2,4988000,5097000,0.1004,4.3009
TIME|15,4987000,5095000,0.1006,4.3011
TIME|15,5095000,5198000,0.0989,4.4001
TIME|2,5097000,5197000,0.0993,4.4002
TIME|3,5108000,5207000,0.0996,4.4002
TIME|6,5136000,5239000,0.0997,4.4003
TIME|9,5074000,5176000,0.0996,4.4004
TIME|0,5081000,5183000,0.1001,4.4004
TIME|10,5133000,5234000,0.1002,4.4004
TIME|1,5133000,5235000,0.1003,4.4005
TIME|7,5135000,5234000,0.0998,4.4006
TIME|4,5138000,5239000,0.0997,4.4006
TIME|11,5153000,5254000,0.0999,4.4007
TIME|13,5111000,5212000,0.1003,4.4007
TIME|14,5095000,5197000,0.1004,4.4008
TIME|5,5117000,5217000,0.1000,4.4008
TIME|12,5084000,5186000,0.0999,4.4008
TIME|8,5113000,5213000,0.1010,4.4013
TIME|13,5212000,5301000,0.0993,4.5000
TIME|11,5254000,5342000,0.0994,4.5001
TIME|14,5197000,5284000,0.0995,4.5002
TIME|1,5235000,5325000,0.0998,4.5003
TIME|6,5239000,5332000,0.1002,4.5004
TIME|7,5234000,5325000,0.0999,4.5005
TIME|5,5217000,5307000,0.0997,4.5005
TIME|2,5197000,5286000,0.1003,4.5005
TIME|8,5213000,5303000,0.0993,4.5006
TIME|3,5207000,5298000,0.1005,4.5007
TIME|9,5176000,5267000,0.1005,4.5009
TIME|0,5183000,5273000,0.1005,4.5009
TIME|15,5198000,5291000,0.1009,4.5010
TIME|12,5186000,5276000,0.1005,4.5013
TIME|4,5239000,5329000,0.1008,4.5014
TIME|10,5234000,5325000,0.1010,4.5014
TIME|6,5332000,5419000,0.0996,4.6000
TIME|15,5291000,5380000,0.0994,4.6003
TIME|4,5329000,5416000,0.0989,4.6004
TIME|8,5303000,5391000,0.0999,4.6004
TIME|13,5301000,5389000,0.1004,4.6005
TIME|9,5267000,5346000,0.0996,4.6005
TIME|7,5325000,5410000,0.1001,4.6006
TIME|3,5298000,5388000,0.1000,4.6007
TIME|0,5273000,5358000,0.0999,4.6009
TIME|12,5276000,5363000,0.0995,4.6008
TIME|11,5342000,5429000,0.1009,4.6009
TIME|10,5325000,5414000,0.0996,4.6011
TIME|14,5284000,5375000,0.1008,4.6010
TIME|5,5307000,5396000,0.1007,4.6012
TIME|1,5325000,5409000,0.1010,4.6013
TIME|2,5286000,5375000,0.1014,4.6019
TIME|5,5396000,5486000,0.0989,4.7001
TIME|12,5363000,5455000,0.0992,4.7001
TIME|1,5409000,5498000,0.0990,4.7003
TIME|8,5391000,5483000,0.0999,4.7003
TIME|3,5388000,5481000,0.0997,4.7004
TIME|11,5429000,5519000,0.0996,4.7006
TIME|4,5416000,5505000,0.1002,4.7006
TIME|15,5380000,5471000,0.1003,4.7007
TIME|14,5375000,5464000,0.0997,4.7007
TIME|2,5375000,5465000,0.0988,4.7007
TIME|10,5414000,5507000,0.0998,4.7009
TIME|7,5410000,5502000,0.1004,4.7010
TIME|9,5346000,5438000,0.1004,4.7010
TIME|6,5419000,5511000,0.1010,4.7010
TIME|13,5389000,5480000,0.1006,4.7010
TIME|0,5358000,5451000,0.1003,4.7012
TIME|8,5483000,5580000,0.0997,4.8000
TIME|10,5507000,5608000,0.0992,4.8001
TIME|0,5451000,5549000,0.0989,4.8001
TIME|2,5465000,5564000,0.0994,4.8001
TIME|9,5438000,5537000,0.0993,4.8003
TIME|3,5481000,5578000,0.0999,4.8003
TIME|15,5471000,5570000,0.0997,4.8004
TIME|4,5505000,5602000,0.0998,4.8004
TIME|14,5464000,5565000,0.0997,4.8005
TIME|6,5511000,5610000,0.0995,4.8005
TIME|7,5502000,5598000,0.0996,4.8006
TIME|1,5498000,5595000,0.1003,4.8006
TIME|5,5486000,5586000,0.1006,4.8007
TIME|11,5519000,5620000,0.1003,4.8009
TIME|13,5480000,5569000,0.0999,4.8009
TIME|12,5455000,5549000,0.1009,4.8010
TIME|0,5549000,5657000,0.0999,4.9000
TIME|4,5602000,5714000,0.0997,4.9001
TIME|1,5595000,5705000,0.0996,4.9002
TIME|6,5610000,5719000,0.0998,4.9002
TIME|8,5580000,5689000,0.1003,4.9003
TIME|13,5569000,5674000,0.0994,4.9003
TIME|2,5564000,5672000,0.1002,4.9003
TIME|7,5598000,5699000,0.0998,4.9004
TIME|3,5578000,5688000,0.1002,4.9005
TIME|10,5608000,5719000,0.1005,4.9006
TIME|14,5565000,5674000,0.1003,4.9007
TIME|9,5537000,5647000,0.1005,4.9008
TIME|12,5549000,5645000,0.0998,4.9008
TIME|11,5620000,5729000,0.1000,4.9009
TIME|5,5586000,5694000,0.1002,4.9009
TIME|15,5570000,5681000,0.1006,4.9009
TIME|7,5699000,5808000,0.0996,5.0000
TIME|5,5694000,5801000,0.0992,5.0001
TIME|9,5647000,5754000,0.0994,5.0001
TIME|11,5729000,5840000,0.0993,5.0002
TIME|2,5672000,5779000,0.0998,5.0002
TIME|13,5674000,5781000,0.0999,5.0002
TIME|10,5719000,5829000,0.0998,5.0004
TIME|8,5689000,5793000,0.1001,5.0004
TIME|15,5681000,5788000,0.0995,5.0005
TIME|3,5688000,5796000,0.0999,5.0004
TIME|6,5719000,5824000,0.1003,5.0005
TIME|12,5645000,5754000,0.0998,5.0006
TIME|4,5714000,5822000,0.1005,5.0006
TIME|0,5657000,5765000,0.1007,5.0007
TIME|14,5674000,5784000,0.1001,5.0008
TIME|1,5705000,5813000,0.1013,5.0015
TIME|10,5829000,5930000,0.0997,5.1001
TIME|12,5754000,5853000,0.0995,5.1001
TIME|7,5808000,5910000,0.1004,5.1004
TIME|14,5784000,5879000,0.0995,5.1004
TIME|11,5840000,5946000,0.1003,5.1004
TIME|8,5793000,5892000,0.1000,5.1004
TIME|9,5754000,5849000,0.1003,5.1004
TIME|0,5765000,5866000,0.0998,5.1005
TIME|4,5822000,5921000,0.0998,5.1004
TIME|6,5824000,5926000,0.1001,5.1007
TIME|2,5779000,5877000,0.1005,5.1007
TIME|13,5781000,5884000,0.1006,5.1007
TIME|5,5801000,5900000,0.1008,5.1009
TIME|3,5796000,5898000,0.1005,5.1009
TIME|1,5813000,5911000,0.0995,5.1010
TIME|15,5788000,5890000,0.1009,5.1013
TIME|6,5926000,6018000,0.0994,5.2001
TIME|0,5866000,5960000,0.0996,5.2001
TIME|7,5910000,6005000,0.0998,5.2002
TIME|8,5892000,5987000,0.0998,5.2002
TIME|14,5879000,5975000,0.0999,5.2003
TIME|1,5911000,6005000,0.0994,5.2004
TIME|15,5890000,5982000,0.0992,5.2005
TIME|5,5900000,5990000,0.0998,5.2007
TIME|9,5849000,5946000,0.1003,5.2007
TIME|13,5884000,5977000,0.1001,5.2009
TIME|11,5946000,6040000,0.1005,5.2009
TIME|12,5853000,5947000,0.1008,5.2009
TIME|3,5898000,5991000,0.1000,5.2009
TIME|4,5921000,6011000,0.1011,5.2015
TIME|2,5877000,5969000,0.1011,5.2018
TIME|10,5930000,6021000,0.1021,5.2022
TIME|3,5991000,6079000,0.0992,5.3002
TIME|1,6005000,6096000,0.0998,5.3002
TIME|13,5977000,6069000,0.0994,5.3003
TIME|10,6021000,6109000,0.0982,5.3004
TIME|7,6005000,6093000,0.1003,5.3005
TIME|15,5982000,6071000,0.1000,5.3006
TIME|14,5975000,6062000,0.1003,5.3005
TIME|11,6040000,6125000,0.0997,5.3006
TIME|5,5990000,6082000,0.1000,5.3006
TIME|12,5947000,6038000,0.0997,5.3006
TIME|9,5946000,6037000,0.0999,5.3006
TIME|6,6018000,6106000,0.1008,5.3008
TIME|8,5987000,6075000,0.1006,5.3009
TIME|2,5969000,6054000,0.0993,5.3010
TIME|4,6011000,6100000,0.0995,5.3011
TIME|0,5960000,6050000,0.1011,5.3012
TIME|9,6037000,6119000,0.0994,5.4000
TIME|2,6054000,6133000,0.0990,5.4000
TIME|8,6075000,6154000,0.0992,5.4001
TIME|13,6069000,6148000,0.0999,5.4002
TIME|5,6082000,6162000,0.0996,5.4002
TIME|12,6038000,6121000,0.0996,5.4002
TIME|0,6050000,6130000,0.0990,5.4002
TIME|6,6106000,6188000,0.0996,5.4004
TIME|1,6096000,6180000,0.1003,5.4005
TIME|11,6125000,6208000,0.1000,5.4006
TIME|14,6062000,6143000,0.1000,5.4006
TIME|7,6093000,6175000,0.1003,5.4008
TIME|3,6079000,6161000,0.1006,5.4008
TIME|10,6109000,6189000,0.1004,5.4008
TIME|15,6071000,6153000,0.1005,5.4010
TIME|4,6100000,6182000,0.0999,5.4010
TIME|13,6148000,6230000,0.0998,5.5000
TIME|14,6143000,6224000,0.0997,5.5003
TIME|3,6161000,6244000,0.0996,5.5004
TIME|1,6180000,6262000,0.0999,5.5004
TIME|2,6133000,6216000,0.1004,5.5004
TIME|11,6208000,6290000,0.0999,5.5004
TIME|0,6130000,6215000,0.1003,5.5005
TIME|5,6162000,6246000,0.1004,5.5006
TIME|15,6153000,6234000,0.0996,5.5006
TIME|6,6188000,6269000,0.1002,5.5007
TIME|9,6119000,6201000,0.1007,5.5007
TIME|12,6121000,6206000,0.1006,5.5008
TIME|4,6182000,6267000,0.0998,5.5008
TIME|7,6175000,6259000,0.1002,5.5009
TIME|10,6189000,6275000,0.1002,5.5010
TIME|8,6154000,6242000,0.1010,5.5010
TIME|0,6215000,6294000,0.0996,5.6001
TIME|10,6275000,6352000,0.0991,5.6001
TIME|11,6290000,6372000,0.0997,5.6002
TIME|13,6230000,6311000,0.1003,5.6003
TIME|14,6224000,6303000,0.1001,5.6003
TIME|2,6216000,6299000,0.1000,5.6004
TIME|9,6201000,6283000,0.0998,5.6005
TIME|15,6234000,6319000,0.1001,5.6007
TIME|7,6259000,6341000,0.0998,5.6008
TIME|3,6244000,6327000,0.1006,5.6010
TIME|4,6267000,6349000,0.1003,5.6011
TIME|6,6269000,6347000,0.1004,5.6011
TIME|8,6242000,6323000,0.1009,5.6019
TIME|1,6262000,6344000,0.1021,5.6025
TIME|12,6206000,6289000,0.1023,5.6031
TIME|5,6246000,6330000,0.1033,5.6039
TIME|10,6352000,6435000,0.0999,5.7000
TIME|1,6344000,6426000,0.0976,5.7001
TIME|0,6294000,6377000,0.1000,5.7001
TIME|4,6349000,6432000,0.0990,5.7001
TIME|3,6327000,6409000,0.0992,5.7002
TIME|9,6283000,6363000,0.0997,5.7003
TIME|11,6372000,6453000,0.1003,5.7005
TIME|7,6341000,6425000,0.1000,5.7008
TIME|2,6299000,6382000,0.1003,5.7008
TIME|15,6319000,6403000,0.1002,5.7009
TIME|13,6311000,6390000,0.1006,5.7008
TIME|5,6330000,6412000,0.0972,5.7010
TIME|14,6303000,6384000,0.1007,5.7010
TIME|12,6289000,6370000,0.0980,5.7011
TIME|6,6347000,6431000,0.1000,5.7011
TIME|8,6323000,6401000,0.0994,5.7013
TIME|14,6384000,6464000,0.0992,5.8003
TIME|7,6425000,6506000,0.0995,5.8003
TIME|13,6390000,6472000,0.0995,5.8003
TIME|6,6431000,6512000,0.0993,5.8004
TIME|9,6363000,6447000,0.1002,5.8004
TIME|15,6403000,6482000,0.0996,5.8005
TIME|8,6401000,6482000,0.0992,5.8004
TIME|12,6370000,6456000,0.0994,5.8005
TIME|3,6409000,6495000,0.1003,5.8005
TIME|5,6412000,6495000,0.0997,5.8007
TIME|2,6382000,6468000,0.1000,5.8008
TIME|0,6377000,6457000,0.1008,5.8010
TIME|11,6453000,6536000,0.1004,5.8010
TIME|4,6432000,6514000,0.1009,5.8010
TIME|10,6435000,6519000,0.1010,5.8010
TIME|1,6426000,6509000,0.1010,5.8011
TIME|10,6519000,6599000,0.0990,5.9000
TIME|13,6472000,6550000,0.0998,5.9001
TIME|4,6514000,6591000,0.0992,5.9001
TIME|8,6482000,6562000,0.0998,5.9002
TIME|5,6495000,6571000,0.0996,5.9003
TIME|14,6464000,6545000,0.1000,5.9003
TIME|1,6509000,6589000,0.0992,5.9003
TIME|7,6506000,6587000,0.1002,5.9005
TIME|2,6468000,6547000,0.0999,5.9008
TIME|11,6536000,6617000,0.0998,5.9008
TIME|3,6495000,6573000,0.1005,5.9010
TIME|9,6447000,6524000,0.1006,5.9010
TIME|12,6456000,6538000,0.1006,5.9011
TIME|15,6482000,6564000,0.1007,5.9012
TIME|0,6457000,6537000,0.1003,5.9013
TIME|6,6512000,6593000,0.1009,5.9013
TIME|1,6589000,6674000,0.0997,6.0000
TIME|4,6591000,6675000,0.0999,6.0000
TIME|2,6547000,6630000,0.0993,6.0000
TIME|5,6571000,6654000,0.0998,6.0001
TIME|6,6593000,6677000,0.0990,6.0002
TIME|8,6562000,6645000,0.1001,6.0003
TIME|0,6537000,6620000,0.0992,6.0005
TIME|10,6599000,6686000,0.1005,6.0006
TIME|15,6564000,6650000,0.0994,6.0006
TIME|13,6550000,6634000,0.1006,6.0006
TIME|9,6524000,6607000,0.0996,6.0006
TIME|12,6538000,6624000,0.0996,6.0007
TIME|3,6573000,6657000,0.0997,6.0007
TIME|11,6617000,6703000,0.1000,6.0008
TIME|7,6587000,6671000,0.1007,6.0012
TIME|14,6545000,6627000,0.1015,6.0018
TIME|8,6645000,6725000,0.0997,6.1000
TIME|3,6657000,6738000,0.0994,6.1001
TIME|11,6703000,6787000,0.0994,6.1002
TIME|5,6654000,6736000,0.1001,6.1002
TIME|2,6630000,6712000,0.1002,6.1002
TIME|12,6624000,6708000,0.0996,6.1003
TIME|13,6634000,6715000,0.0997,6.1003
TIME|1,6674000,6758000,0.1004,6.1004
TIME|14,6627000,6708000,0.0986,6.1004
TIME|9,6607000,6689000,0.0998,6.1005
TIME|4,6675000,6757000,0.1005,6.1005
TIME|10,6686000,6770000,0.1002,6.1008
TIME|15,6650000,6734000,0.1002,6.1008
TIME|7,6671000,6755000,0.0997,6.1008
TIME|0,6620000,6701000,0.1005,6.1009
TIME|6,6677000,6761000,0.1008,6.1010
TIME|4,6757000,6844000,0.0996,6.2002
TIME|5,6736000,6823000,0.1000,6.2002
TIME|12,6708000,6796000,0.1000,6.2003
TIME|2,6712000,6802000,0.1002,6.2004
TIME|1,6758000,6849000,0.1001,6.2005
TIME|6,6761000,6846000,0.0996,6.2006
TIME|3,6738000,6828000,0.1006,6.2007
TIME|7,6755000,6844000,0.0999,6.2008
TIME|14,6708000,6794000,0.1004,6.2008
TIME|13,6715000,6805000,0.1005,6.2008
TIME|9,6689000,6777000,0.1004,6.2008
TIME|10,6770000,6858000,0.1002,6.2009
TIME|15,6734000,6823000,0.1001,6.2009
TIME|11,6787000,6876000,0.1008,6.2010
TIME|8,6725000,6816000,0.1010,6.2010
TIME|0,6701000,6790000,0.1003,6.2012
Double Directory
Directory capacity: 524288. depth 19
TIME|3,6828000,6911000,0.0999,6.3006
TIME|13,6805000,6888000,0.0999,6.3007
TIME|4,6844000,6928000,0.1005,6.3007
TIME|9,6777000,6860000,0.1001,6.3010
TIME|12,6796000,6876000,0.1007,6.3010
TIME|1,6849000,6928000,0.1006,6.3011
TIME|7,6844000,6924000,0.1007,6.3014
TIME|14,6794000,6876000,0.1008,6.3015
TIME|15,6823000,6904000,0.1007,6.3016
TIME|2,6802000,6883000,0.1012,6.3016
TIME|6,6846000,6929000,0.1011,6.3017
TIME|10,6858000,6942000,0.1008,6.3017
TIME|0,6790000,6868000,0.1005,6.3017
TIME|11,6876000,6957000,0.1008,6.3018
TIME|8,6816000,6898000,0.1008,6.3018
TIME|5,6823000,6905000,0.1017,6.3019
TIME|12,6876000,6961000,0.0990,6.4000
TIME|5,6905000,6989000,0.0982,6.4001
TIME|0,6868000,6951000,0.0984,6.4001
TIME|10,6942000,7023000,0.0984,6.4002
TIME|3,6911000,6996000,0.0996,6.4002
TIME|15,6904000,6987000,0.0987,6.4003
TIME|1,6928000,7013000,0.0992,6.4003
TIME|7,6924000,7008000,0.0989,6.4003
TIME|6,6929000,7013000,0.0987,6.4004
TIME|11,6957000,7042000,0.0987,6.4004
TIME|2,6883000,6968000,0.0990,6.4007
TIME|4,6928000,7013000,0.1000,6.4007
TIME|8,6898000,6983000,0.0989,6.4008
TIME|9,6860000,6942000,0.0999,6.4009
TIME|14,6876000,6960000,0.0994,6.4009
TIME|13,6888000,6971000,0.1004,6.4011
TIME|6,7013000,7101000,0.0997,6.5000
TIME|1,7013000,7102000,0.0999,6.5001
TIME|7,7008000,7098000,0.0998,6.5002
TIME|0,6951000,7044000,0.1000,6.5002
TIME|4,7013000,7104000,0.0997,6.5004
TIME|12,6961000,7053000,0.1004,6.5005
TIME|5,6989000,7080000,0.1005,6.5006
TIME|10,7023000,7116000,0.1005,6.5007
TIME|9,6942000,7033000,0.0999,6.5007
TIME|11,7042000,7133000,0.1004,6.5008
TIME|14,6960000,7051000,0.0999,6.5008
TIME|15,6987000,7078000,0.1006,6.5009
TIME|2,6968000,7060000,0.1002,6.5008
TIME|13,6971000,7062000,0.0998,6.5009
TIME|3,6996000,7089000,0.1006,6.5008
TIME|8,6983000,7075000,0.1002,6.5010
TIME|6,7101000,7192000,0.1000,6.6000
TIME|2,7060000,7151000,0.0992,6.6000
TIME|4,7104000,7195000,0.0996,6.6000
TIME|0,7044000,7136000,0.1001,6.6003
TIME|15,7078000,7170000,0.0995,6.6003
TIME|8,7075000,7167000,0.0995,6.6005
TIME|14,7051000,7144000,0.0997,6.6005
TIME|3,7089000,7181000,0.0997,6.6006
TIME|9,7033000,7126000,0.0999,6.6006
TIME|10,7116000,7209000,0.1001,6.6008
TIME|12,7053000,7146000,0.1003,6.6008
TIME|11,7133000,7225000,0.1000,6.6008
TIME|1,7102000,7194000,0.1007,6.6009
TIME|13,7062000,7153000,0.1000,6.6009
TIME|5,7080000,7176000,0.1004,6.6010
TIME|7,7098000,7194000,0.1017,6.6019
TIME|4,7195000,7290000,0.1000,6.7001
TIME|8,7167000,7258000,0.0996,6.7001
TIME|15,7170000,7268000,0.0999,6.7002
TIME|9,7126000,7218000,0.0995,6.7001
TIME|0,7136000,7229000,0.1000,6.7003
TIME|7,7194000,7286000,0.0985,6.7004
TIME|2,7151000,7246000,0.1004,6.7004
TIME|10,7209000,7305000,0.0997,6.7005
TIME|12,7146000,7241000,0.0998,6.7005
TIME|11,7225000,7321000,0.0998,6.7006
TIME|3,7181000,7276000,0.1000,6.7006
TIME|6,7192000,7285000,0.1007,6.7007
TIME|13,7153000,7248000,0.1002,6.7010
TIME|14,7144000,7238000,0.1005,6.7010
TIME|5,7176000,7272000,0.1003,6.7012
TIME|1,7194000,7288000,0.1005,6.7014
TIME|7,7286000,7380000,0.0997,6.8001
TIME|10,7305000,7400000,0.0997,6.8002
TIME|0,7229000,7323000,0.1000,6.8003
TIME|8,7258000,7350000,0.1003,6.8004
TIME|5,7272000,7368000,0.0992,6.8005
TIME|14,7238000,7333000,0.0994,6.8005
TIME|9,7218000,7314000,0.1004,6.8005
TIME|3,7276000,7367000,0.1000,6.8005
TIME|12,7241000,7334000,0.1000,6.8005
TIME|2,7246000,7340000,0.1002,6.8006
TIME|15,7268000,7364000,0.1005,6.8007
TIME|11,7321000,7416000,0.1003,6.8009
TIME|1,7288000,7381000,0.0995,6.8009
TIME|6,7285000,7379000,0.1002,6.8010
TIME|13,7248000,7342000,0.0999,6.8010
TIME|4,7290000,7385000,0.1010,6.8010
TIME|15,7364000,7458000,0.0993,6.9000
TIME|14,7333000,7427000,0.0995,6.9000
TIME|12,7334000,7429000,0.0995,6.9000
TIME|9,7314000,7411000,0.0996,6.9001
TIME|7,7380000,7474000,0.1004,6.9006
TIME|6,7379000,7473000,0.0996,6.9006
TIME|5,7368000,7465000,0.1001,6.9006
TIME|4,7385000,7481000,0.0996,6.9006
TIME|2,7340000,7432000,0.1002,6.9007
TIME|0,7323000,7417000,0.1006,6.9009
TIME|10,7400000,7496000,0.1007,6.9009
TIME|1,7381000,7476000,0.1002,6.9011
TIME|8,7350000,7444000,0.1007,6.9011
TIME|3,7367000,7460000,0.1006,6.9012
TIME|13,7342000,7437000,0.1006,6.9016
120000000 operations, 6.98 real_elapsed 
dimm_num = 6 
DIMM0 | Read from IMC | Write from IMC |  Read DIMM  |  Write DIMM  |   RA   |   WA   |
  MB  |       3453.84 |        3747.24 |     9180.08 |      3868.42 |   2.66 |   1.03 |
DIMM1 | Read from IMC | Write from IMC |  Read DIMM  |  Write DIMM  |   RA   |   WA   |
  MB  |       3454.28 |        3747.33 |     9199.33 |      3874.86 |   2.66 |   1.03 |
DIMM2 | Read from IMC | Write from IMC |  Read DIMM  |  Write DIMM  |   RA   |   WA   |
  MB  |       3449.72 |        3747.22 |     9141.36 |      3859.96 |   2.65 |   1.03 |
DIMM3 | Read from IMC | Write from IMC |  Read DIMM  |  Write DIMM  |   RA   |   WA   |
  MB  |       1529.00 |        3704.75 |     2018.65 |      3788.62 |   1.32 |   1.02 |
DIMM4 | Read from IMC | Write from IMC |  Read DIMM  |  Write DIMM  |   RA   |   WA   |
  MB  |       1528.41 |        3704.77 |     2012.09 |      3788.00 |   1.32 |   1.02 |
DIMM5 | Read from IMC | Write from IMC |  Read DIMM  |  Write DIMM  |   RA   |   WA   |
  MB  |       1528.95 |        3704.74 |     2002.03 |      3780.53 |   1.31 |   1.02 |
*SUM* | DIMM-R:  4378.1 MB/s. User-R:  1949.9 MB/s   | DIMM-W:  2995.9 MB/s, User-W:  2917.0 MB/s. Time:   7.66s
*SUMSUM* | DIMM-R: 33553.5 MB| User-R: 14944.2 MB   | DIMM-W: 22960.4 MB | User-W: 22356.1 MB | Time:   7.66s
[32mDestroy IPMWatcher.
[0m
