CCEH-BUFLOG 
Directory capacity: 16384. depth 14
Randomize the trace...
[32mStart IPMWatcher for load
[0mthread 14, between 105000000 - 112500000
thread 10, between 75000000 - 82500000
thread  7, between 52500000 - 60000000
thread  9, between 67500000 - 75000000
thread  0, between 0 - 7500000
thread  5, between 37500000 - 45000000
thread  8, between 60000000 - 67500000
thread  6, between 45000000 - 52500000
thread 12, between 90000000 - 97500000
thread  3, between 22500000 - 30000000
thread  1, between 7500000 - 15000000
thread 13, between 97500000 - 105000000
thread  4, between 30000000 - 37500000
thread 15, between 112500000 - 120000000
thread  2, between 15000000 - 22500000
thread 11, between 82500000 - 90000000
TIME|13,0,341000,0.1002,0.1002
TIME|12,0,360000,0.1003,0.1003
TIME|7,0,362000,0.1004,0.1004
TIME|5,0,333000,0.1005,0.1005
TIME|8,0,333000,0.1005,0.1005
TIME|4,0,359000,0.1005,0.1005
TIME|10,0,352000,0.1006,0.1006
TIME|14,0,329000,0.1006,0.1006
TIME|3,0,335000,0.1007,0.1007
TIME|11,0,366000,0.1007,0.1007
TIME|0,0,362000,0.1009,0.1009
TIME|6,0,368000,0.1012,0.1012
TIME|9,0,374000,0.1018,0.1018
TIME|2,0,356000,0.1019,0.1019
TIME|15,0,350000,0.1032,0.1032
TIME|1,0,379000,0.1039,0.1039
TIME|7,362000,455000,0.0997,0.2000
TIME|4,359000,464000,0.0995,0.2000
TIME|15,350000,458000,0.0968,0.2000
TIME|3,335000,437000,0.0993,0.2000
TIME|10,352000,462000,0.0996,0.2001
TIME|0,362000,463000,0.0992,0.2001
TIME|9,374000,481000,0.0984,0.2002
TIME|12,360000,469000,0.0998,0.2002
TIME|14,329000,432000,0.0996,0.2002
TIME|1,379000,486000,0.0963,0.2002
TIME|13,341000,459000,0.0999,0.2001
TIME|11,366000,478000,0.0993,0.2001
TIME|8,333000,444000,0.0996,0.2001
TIME|5,333000,435000,0.0997,0.2002
TIME|6,368000,475000,0.0989,0.2002
TIME|2,356000,455000,0.0982,0.2001
Double Directory
Directory capacity: 32768. depth 15
TIME|7,455000,738000,0.1001,0.3001
TIME|9,481000,765000,0.1000,0.3002
TIME|2,455000,710000,0.1000,0.3002
TIME|12,469000,749000,0.1001,0.3003
TIME|11,478000,757000,0.1004,0.3005
TIME|4,464000,746000,0.1006,0.3006
TIME|1,486000,769000,0.1005,0.3007
TIME|8,444000,718000,0.1006,0.3007
TIME|14,432000,689000,0.1024,0.3027
TIME|0,463000,742000,0.1027,0.3029
TIME|3,437000,717000,0.1029,0.3029
TIME|15,458000,722000,0.1029,0.3029
TIME|5,435000,698000,0.1030,0.3032
TIME|6,475000,735000,0.1032,0.3034
TIME|10,462000,735000,0.1034,0.3035
TIME|13,459000,738000,0.1040,0.3042
TIME|13,738000,787000,0.0960,0.4001
TIME|6,735000,784000,0.0969,0.4003
TIME|1,769000,818000,0.0996,0.4003
TIME|4,746000,802000,0.0999,0.4005
TIME|5,698000,753000,0.0974,0.4006
TIME|2,710000,765000,0.1004,0.4006
TIME|12,749000,793000,0.1004,0.4007
TIME|8,718000,773000,0.1001,0.4008
TIME|7,738000,789000,0.1007,0.4008
TIME|14,689000,741000,0.0984,0.4010
TIME|11,757000,809000,0.1006,0.4010
TIME|15,722000,768000,0.0982,0.4011
TIME|9,765000,814000,0.1010,0.4012
TIME|0,742000,787000,0.0983,0.4012
TIME|3,717000,767000,0.0991,0.4020
TIME|10,735000,786000,0.0987,0.4022
TIME|8,773000,1038000,0.0992,0.5000
TIME|5,753000,1006000,0.0995,0.5001
TIME|14,741000,984000,0.0990,0.5001
TIME|1,818000,1069000,0.0997,0.5000
TIME|6,784000,1052000,0.0998,0.5001
TIME|0,787000,1054000,0.0988,0.5000
TIME|9,814000,1087000,0.0989,0.5001
TIME|2,765000,1021000,0.0995,0.5001
TIME|4,802000,1066000,0.0997,0.5002
TIME|10,786000,1052000,0.0981,0.5003
TIME|7,789000,1055000,0.0995,0.5004
TIME|12,793000,1059000,0.0997,0.5004
TIME|15,768000,1034000,0.0993,0.5004
TIME|11,809000,1081000,0.0997,0.5007
TIME|3,767000,1013000,0.0988,0.5008
TIME|13,787000,1051000,0.1007,0.5008
TIME|10,1052000,1168000,0.0997,0.6000
TIME|14,984000,1093000,0.1000,0.6001
TIME|8,1038000,1158000,0.1001,0.6001
TIME|0,1054000,1170000,0.1001,0.6001
TIME|3,1013000,1116000,0.0996,0.6004
TIME|4,1066000,1182000,0.1003,0.6004
TIME|15,1034000,1147000,0.1000,0.6005
TIME|11,1081000,1197000,0.0998,0.6005
TIME|6,1052000,1164000,0.1005,0.6006
TIME|5,1006000,1115000,0.1006,0.6007
TIME|13,1051000,1164000,0.0999,0.6007
TIME|9,1087000,1202000,0.1007,0.6007
TIME|7,1055000,1170000,0.1004,0.6008
TIME|12,1059000,1174000,0.1007,0.6011
TIME|1,1069000,1182000,0.1013,0.6014
TIME|2,1021000,1135000,0.1019,0.6020
Double Directory
Directory capacity: 65536. depth 16
TIME|6,1164000,1378000,0.0995,0.7001
TIME|8,1158000,1377000,0.1000,0.7001
TIME|9,1202000,1415000,0.0994,0.7001
TIME|3,1116000,1330000,0.0998,0.7001
TIME|1,1182000,1395000,0.0987,0.7001
TIME|14,1093000,1306000,0.1001,0.7002
TIME|5,1115000,1327000,0.0996,0.7002
TIME|12,1174000,1380000,0.0991,0.7002
TIME|10,1168000,1383000,0.1003,0.7003
TIME|15,1147000,1361000,0.0998,0.7003
TIME|0,1170000,1383000,0.1002,0.7003
TIME|2,1135000,1336000,0.0983,0.7003
TIME|11,1197000,1411000,0.0998,0.7003
TIME|7,1170000,1393000,0.0996,0.7004
TIME|13,1164000,1374000,0.0997,0.7004
TIME|4,1182000,1406000,0.0999,0.7003
TIME|7,1393000,1520000,0.0997,0.8001
TIME|2,1336000,1460000,0.0999,0.8002
TIME|4,1406000,1531000,0.1000,0.8003
TIME|11,1411000,1537000,0.1000,0.8003
TIME|15,1361000,1485000,0.1001,0.8004
TIME|0,1383000,1503000,0.1001,0.8004
TIME|14,1306000,1432000,0.1002,0.8004
TIME|13,1374000,1501000,0.1001,0.8005
TIME|1,1395000,1522000,0.1006,0.8007
TIME|5,1327000,1449000,0.1006,0.8008
TIME|10,1383000,1508000,0.1006,0.8009
TIME|8,1377000,1509000,0.1008,0.8009
TIME|12,1380000,1506000,0.1008,0.8009
TIME|9,1415000,1539000,0.1015,0.8017
TIME|3,1330000,1454000,0.1018,0.8020
TIME|6,1378000,1502000,0.1022,0.8023
TIME|8,1509000,1600000,0.0991,0.9000
TIME|1,1522000,1602000,0.0993,0.9000
TIME|13,1501000,1589000,0.0996,0.9001
TIME|4,1531000,1621000,0.0999,0.9001
TIME|2,1460000,1547000,0.1000,0.9002
TIME|12,1506000,1589000,0.0993,0.9003
TIME|10,1508000,1593000,0.0994,0.9003
TIME|0,1503000,1590000,0.0999,0.9003
TIME|5,1449000,1538000,0.0994,0.9002
TIME|3,1454000,1534000,0.0984,0.9004
TIME|15,1485000,1575000,0.1001,0.9004
TIME|7,1520000,1613000,0.1004,0.9005
TIME|9,1539000,1622000,0.0988,0.9005
TIME|11,1537000,1620000,0.1002,0.9005
TIME|6,1502000,1592000,0.0983,0.9006
TIME|14,1432000,1516000,0.1003,0.9008
TIME|14,1516000,1710000,0.0994,1.0001
TIME|8,1600000,1807000,0.1001,1.0002
TIME|9,1622000,1824000,0.0996,1.0001
TIME|11,1620000,1821000,0.0996,1.0001
TIME|15,1575000,1761000,0.0997,1.0001
TIME|7,1613000,1816000,0.0998,1.0003
TIME|0,1590000,1788000,0.1000,1.0003
TIME|12,1589000,1779000,0.1001,1.0003
TIME|4,1621000,1821000,0.1002,1.0004
TIME|2,1547000,1730000,0.1002,1.0004
TIME|13,1589000,1778000,0.1003,1.0004
TIME|3,1534000,1728000,0.1001,1.0005
TIME|5,1538000,1731000,0.1003,1.0005
TIME|1,1602000,1797000,0.1004,1.0005
TIME|6,1592000,1795000,0.1000,1.0006
TIME|10,1593000,1796000,0.1005,1.0008
TIME|7,1816000,1907000,0.0997,1.1000
TIME|11,1821000,1909000,0.1000,1.1001
TIME|6,1795000,1891000,0.0996,1.1002
TIME|5,1731000,1818000,0.0997,1.1002
TIME|13,1778000,1870000,0.0999,1.1003
TIME|12,1779000,1869000,0.1004,1.1007
TIME|3,1728000,1817000,0.1003,1.1008
TIME|10,1796000,1890000,0.1001,1.1009
TIME|2,1730000,1823000,0.1005,1.1009
TIME|0,1788000,1879000,0.1006,1.1009
TIME|8,1807000,1898000,0.1007,1.1009
TIME|15,1761000,1852000,0.1011,1.1012
TIME|9,1824000,1916000,0.1011,1.1013
TIME|14,1710000,1802000,0.1012,1.1013
TIME|4,1821000,1915000,0.1012,1.1015
TIME|1,1797000,1889000,0.1021,1.1026
TIME|5,1818000,1893000,0.0999,1.2002
TIME|3,1817000,1893000,0.0994,1.2002
TIME|8,1898000,1972000,0.0994,1.2003
TIME|12,1869000,1939000,0.0996,1.2003
TIME|15,1852000,1926000,0.0991,1.2003
TIME|11,1909000,1982000,0.1003,1.2004
TIME|14,1802000,1876000,0.0992,1.2005
TIME|1,1889000,1958000,0.0978,1.2005
TIME|13,1870000,1941000,0.1002,1.2005
TIME|2,1823000,1897000,0.0996,1.2005
TIME|10,1890000,1964000,0.0996,1.2006
TIME|7,1907000,1984000,0.1006,1.2007
TIME|4,1915000,1979000,0.0991,1.2007
TIME|6,1891000,1964000,0.1006,1.2007
TIME|0,1879000,1956000,0.1000,1.2009
TIME|9,1916000,1989000,0.1009,1.2022
TIME|7,1984000,2155000,0.0994,1.3000
TIME|14,1876000,2047000,0.0997,1.3001
TIME|6,1964000,2131000,0.0994,1.3001
TIME|0,1956000,2130000,0.0992,1.3001
TIME|3,1893000,2063000,0.1000,1.3002
TIME|2,1897000,2061000,0.0996,1.3001
TIME|10,1964000,2131000,0.0996,1.3002
TIME|4,1979000,2146000,0.0994,1.3001
TIME|13,1941000,2105000,0.0998,1.3002
TIME|11,1982000,2152000,0.0999,1.3002
TIME|5,1893000,2063000,0.1001,1.3003
TIME|12,1939000,2106000,0.1000,1.3003
TIME|15,1926000,2094000,0.1000,1.3003
TIME|8,1972000,2146000,0.1001,1.3004
TIME|9,1989000,2156000,0.0982,1.3004
TIME|1,1958000,2127000,0.0999,1.3004
TIME|7,2155000,2302000,0.1001,1.4001
TIME|10,2131000,2271000,0.1000,1.4002
TIME|1,2127000,2265000,0.0999,1.4002
TIME|12,2106000,2249000,0.1000,1.4003
TIME|14,2047000,2192000,0.1003,1.4004
TIME|13,2105000,2245000,0.1001,1.4003
TIME|6,2131000,2269000,0.1003,1.4004
TIME|9,2156000,2295000,0.1001,1.4005
TIME|15,2094000,2231000,0.1002,1.4005
TIME|3,2063000,2206000,0.1004,1.4005
TIME|2,2061000,2204000,0.1004,1.4006
TIME|4,2146000,2287000,0.1006,1.4006
TIME|8,2146000,2289000,0.1004,1.4007
TIME|5,2063000,2210000,0.1005,1.4008
TIME|0,2130000,2273000,0.1007,1.4009
TIME|11,2152000,2298000,0.1012,1.4014
TIME|8,2289000,2429000,0.0993,1.5001
TIME|3,2206000,2342000,0.0995,1.5001
TIME|15,2231000,2366000,0.0996,1.5001
TIME|6,2269000,2399000,0.0997,1.5001
TIME|7,2302000,2440000,0.1001,1.5002
TIME|9,2295000,2433000,0.0996,1.5001
TIME|0,2273000,2400000,0.0993,1.5002
TIME|11,2298000,2426000,0.0986,1.5000
TIME|12,2249000,2379000,0.0999,1.5002
TIME|13,2245000,2377000,0.1000,1.5003
TIME|1,2265000,2395000,0.1001,1.5003
TIME|10,2271000,2404000,0.1002,1.5004
TIME|5,2210000,2343000,0.0996,1.5004
TIME|2,2204000,2338000,0.0999,1.5005
TIME|14,2192000,2329000,0.1003,1.5007
TIME|4,2287000,2424000,0.1006,1.5013
TIME|6,2399000,2609000,0.0999,1.6000
TIME|14,2329000,2536000,0.0995,1.6002
TIME|9,2433000,2643000,0.1000,1.6002
TIME|1,2395000,2605000,0.0999,1.6002
TIME|3,2342000,2550000,0.1001,1.6002
TIME|13,2377000,2585000,0.1000,1.6003
TIME|8,2429000,2645000,0.1002,1.6003
TIME|7,2440000,2654000,0.1001,1.6003
TIME|11,2426000,2644000,0.1003,1.6003
TIME|12,2379000,2587000,0.1001,1.6003
TIME|0,2400000,2607000,0.1002,1.6004
TIME|15,2366000,2577000,0.1003,1.6004
TIME|10,2404000,2614000,0.1000,1.6004
TIME|5,2343000,2552000,0.1000,1.6004
TIME|4,2424000,2632000,0.0992,1.6004
TIME|2,2338000,2545000,0.0999,1.6004
Double Directory
Directory capacity: 131072. depth 17
TIME|6,2609000,2808000,0.1001,1.7001
TIME|15,2577000,2776000,0.0997,1.7001
TIME|5,2552000,2752000,0.0997,1.7002
TIME|2,2545000,2740000,0.0997,1.7002
TIME|1,2605000,2806000,0.1000,1.7002
TIME|11,2644000,2847000,0.0999,1.7002
TIME|3,2550000,2746000,0.1001,1.7003
TIME|9,2643000,2845000,0.1002,1.7003
TIME|7,2654000,2856000,0.1001,1.7004
TIME|10,2614000,2814000,0.1000,1.7005
TIME|13,2585000,2779000,0.1002,1.7005
TIME|0,2607000,2806000,0.1002,1.7005
TIME|14,2536000,2739000,0.1004,1.7006
TIME|4,2632000,2823000,0.1001,1.7005
TIME|12,2587000,2784000,0.1003,1.7006
TIME|8,2645000,2850000,0.1005,1.7008
TIME|9,2845000,2987000,0.0997,1.8001
TIME|3,2746000,2889000,0.0999,1.8002
TIME|12,2784000,2926000,0.0997,1.8003
TIME|14,2739000,2882000,0.0998,1.8004
TIME|6,2808000,2955000,0.1003,1.8004
TIME|2,2740000,2884000,0.1003,1.8004
TIME|7,2856000,3001000,0.1000,1.8005
TIME|5,2752000,2896000,0.1004,1.8005
TIME|1,2806000,2950000,0.1003,1.8005
TIME|13,2779000,2922000,0.1001,1.8006
TIME|15,2776000,2919000,0.1006,1.8007
TIME|8,2850000,2998000,0.0999,1.8007
TIME|11,2847000,2992000,0.1004,1.8007
TIME|10,2814000,2958000,0.1004,1.8008
TIME|0,2806000,2949000,0.1003,1.8008
TIME|4,2823000,2969000,0.1006,1.8012
TIME|15,2919000,3018000,0.0994,1.9000
TIME|5,2896000,2997000,0.0998,1.9003
TIME|1,2950000,3051000,0.0997,1.9003
TIME|7,3001000,3104000,0.0999,1.9004
TIME|3,2889000,2994000,0.1002,1.9004
TIME|13,2922000,3024000,0.0998,1.9004
TIME|14,2882000,2983000,0.1002,1.9006
TIME|2,2884000,2985000,0.1001,1.9005
TIME|8,2998000,3099000,0.0999,1.9006
TIME|0,2949000,3051000,0.0998,1.9007
TIME|10,2958000,3064000,0.0999,1.9007
TIME|11,2992000,3093000,0.1001,1.9008
TIME|4,2969000,3067000,0.0996,1.9008
TIME|12,2926000,3028000,0.1005,1.9008
TIME|6,2955000,3057000,0.1005,1.9009
TIME|9,2987000,3090000,0.1010,1.9010
TIME|4,3067000,3171000,0.0992,2.0000
TIME|7,3104000,3213000,0.0998,2.0002
TIME|10,3064000,3171000,0.0995,2.0002
TIME|2,2985000,3095000,0.0997,2.0002
TIME|1,3051000,3155000,0.1000,2.0003
TIME|6,3057000,3162000,0.0994,2.0003
TIME|12,3028000,3127000,0.0995,2.0004
TIME|14,2983000,3090000,0.0999,2.0005
TIME|13,3024000,3124000,0.1001,2.0005
TIME|15,3018000,3126000,0.1004,2.0005
TIME|8,3099000,3206000,0.1000,2.0006
TIME|3,2994000,3100000,0.1002,2.0006
TIME|11,3093000,3203000,0.0998,2.0006
TIME|0,3051000,3152000,0.1001,2.0007
TIME|9,3090000,3185000,0.0997,2.0007
TIME|5,2997000,3101000,0.1005,2.0008
TIME|9,3185000,3295000,0.0994,2.1002
TIME|12,3127000,3235000,0.0998,2.1002
TIME|5,3101000,3207000,0.0995,2.1004
TIME|10,3171000,3279000,0.1002,2.1004
TIME|6,3162000,3269000,0.1001,2.1005
TIME|13,3124000,3234000,0.1001,2.1006
TIME|11,3203000,3313000,0.1000,2.1006
TIME|3,3100000,3208000,0.1001,2.1007
TIME|1,3155000,3262000,0.1005,2.1008
TIME|7,3213000,3325000,0.1006,2.1008
TIME|8,3206000,3317000,0.1003,2.1008
TIME|15,3126000,3236000,0.1004,2.1009
TIME|2,3095000,3204000,0.1007,2.1009
TIME|4,3171000,3283000,0.1010,2.1010
TIME|14,3090000,3199000,0.1005,2.1010
TIME|0,3152000,3264000,0.1012,2.1019
TIME|12,3235000,3307000,0.1000,2.2001
TIME|7,3325000,3401000,0.0995,2.2003
TIME|6,3269000,3344000,0.0999,2.2003
TIME|4,3283000,3356000,0.0994,2.2003
TIME|1,3262000,3338000,0.0997,2.2005
TIME|10,3279000,3357000,0.1002,2.2006
TIME|9,3295000,3368000,0.1007,2.2009
TIME|14,3199000,3274000,0.0999,2.2009
TIME|0,3264000,3336000,0.0990,2.2009
TIME|3,3208000,3279000,0.1003,2.2010
TIME|11,3313000,3388000,0.1005,2.2011
TIME|15,3236000,3309000,0.1004,2.2012
TIME|5,3207000,3282000,0.1010,2.2014
TIME|2,3204000,3276000,0.1009,2.2018
TIME|13,3234000,3311000,0.1015,2.2021
TIME|8,3317000,3392000,0.1034,2.2042
TIME|6,3344000,3406000,0.0997,2.3000
TIME|5,3282000,3346000,0.0988,2.3002
TIME|4,3356000,3418000,0.0999,2.3003
TIME|13,3311000,3371000,0.0983,2.3004
TIME|10,3357000,3421000,0.1000,2.3007
TIME|3,3279000,3340000,0.0997,2.3007
TIME|1,3338000,3401000,0.1002,2.3007
TIME|7,3401000,3464000,0.1005,2.3008
TIME|2,3276000,3340000,0.0989,2.3008
TIME|12,3307000,3367000,0.1008,2.3009
TIME|15,3309000,3371000,0.0997,2.3009
TIME|9,3368000,3430000,0.1004,2.3013
TIME|0,3336000,3397000,0.1008,2.3018
TIME|14,3274000,3337000,0.1016,2.3026
TIME|11,3388000,3449000,0.1016,2.3026
TIME|8,3392000,3451000,0.0997,2.3039
TIME|3,3340000,3404000,0.0994,2.4001
TIME|15,3371000,3431000,0.0993,2.4002
TIME|5,3346000,3408000,0.1002,2.4004
TIME|10,3421000,3482000,0.0998,2.4004
TIME|8,3451000,3513000,0.0967,2.4005
TIME|13,3371000,3433000,0.1005,2.4009
TIME|11,3449000,3513000,0.0984,2.4010
TIME|14,3337000,3399000,0.0985,2.4011
TIME|6,3406000,3466000,0.1010,2.4010
TIME|7,3464000,3522000,0.1005,2.4012
TIME|2,3340000,3402000,0.1006,2.4013
TIME|12,3367000,3426000,0.1009,2.4018
TIME|9,3430000,3491000,0.1007,2.4019
TIME|0,3397000,3457000,0.1003,2.4021
TIME|1,3401000,3463000,0.1019,2.4026
TIME|4,3418000,3482000,0.1034,2.4037
TIME|7,3522000,3601000,0.0988,2.5000
TIME|9,3491000,3570000,0.0981,2.5001
TIME|6,3466000,3541000,0.0990,2.5001
TIME|10,3482000,3562000,0.0997,2.5001
TIME|5,3408000,3489000,0.0998,2.5001
TIME|3,3404000,3485000,0.1000,2.5001
TIME|4,3482000,3569000,0.0966,2.5002
TIME|8,3513000,3597000,0.0998,2.5003
TIME|15,3431000,3513000,0.1002,2.5004
TIME|11,3513000,3591000,0.0995,2.5005
TIME|13,3433000,3513000,0.0997,2.5006
TIME|14,3399000,3480000,0.0996,2.5007
TIME|1,3463000,3545000,0.0982,2.5008
TIME|0,3457000,3536000,0.0989,2.5009
TIME|2,3402000,3484000,0.0996,2.5010
TIME|12,3426000,3511000,0.0992,2.5010
TIME|10,3562000,3670000,0.0999,2.6000
TIME|8,3597000,3702000,0.0997,2.6000
TIME|9,3570000,3680000,0.1001,2.6002
TIME|12,3511000,3620000,0.0992,2.6002
TIME|1,3545000,3653000,0.0994,2.6002
TIME|13,3513000,3621000,0.0997,2.6003
TIME|6,3541000,3651000,0.1003,2.6004
TIME|4,3569000,3677000,0.1002,2.6004
TIME|0,3536000,3646000,0.0996,2.6005
TIME|3,3485000,3596000,0.1005,2.6006
TIME|5,3489000,3598000,0.1005,2.6007
TIME|11,3591000,3702000,0.1001,2.6006
TIME|14,3480000,3594000,0.1000,2.6007
TIME|15,3513000,3621000,0.1003,2.6006
TIME|2,3484000,3594000,0.0998,2.6008
TIME|7,3601000,3713000,0.1008,2.6009
TIME|13,3621000,3721000,0.0999,2.7001
TIME|4,3677000,3777000,0.0997,2.7001
TIME|0,3646000,3751000,0.0998,2.7003
TIME|9,3680000,3780000,0.1001,2.7003
TIME|5,3598000,3699000,0.0997,2.7003
TIME|6,3651000,3754000,0.1000,2.7004
TIME|12,3620000,3722000,0.1003,2.7005
TIME|8,3702000,3805000,0.1005,2.7005
TIME|11,3702000,3803000,0.0999,2.7006
TIME|1,3653000,3757000,0.1005,2.7007
TIME|10,3670000,3774000,0.1009,2.7009
TIME|2,3594000,3689000,0.1001,2.7009
TIME|3,3596000,3699000,0.1004,2.7010
TIME|14,3594000,3694000,0.1004,2.7011
TIME|15,3621000,3723000,0.1005,2.7011
TIME|7,3713000,3813000,0.1008,2.7017
TIME|14,3694000,3790000,0.0989,2.8000
TIME|1,3757000,3850000,0.0993,2.8000
TIME|11,3803000,3898000,0.0998,2.8003
TIME|12,3722000,3822000,0.1000,2.8005
TIME|15,3723000,3823000,0.0994,2.8005
TIME|7,3813000,3909000,0.0989,2.8006
TIME|0,3751000,3845000,0.1003,2.8007
TIME|4,3777000,3880000,0.1005,2.8006
TIME|9,3780000,3878000,0.1003,2.8007
TIME|3,3699000,3799000,0.0997,2.8007
TIME|5,3699000,3800000,0.1004,2.8007
TIME|8,3805000,3905000,0.1003,2.8009
TIME|6,3754000,3852000,0.1005,2.8009
TIME|10,3774000,3869000,0.1000,2.8010
TIME|2,3689000,3792000,0.1001,2.8010
TIME|13,3721000,3820000,0.1012,2.8013
TIME|9,3878000,4002000,0.0994,2.9000
TIME|0,3845000,3972000,0.0994,2.9001
TIME|11,3898000,4021000,0.0997,2.9000
TIME|15,3823000,3947000,0.0996,2.9001
TIME|1,3850000,3979000,0.1001,2.9001
TIME|13,3820000,3944000,0.0989,2.9002
TIME|14,3790000,3918000,0.1003,2.9003
TIME|4,3880000,4005000,0.0996,2.9003
TIME|3,3799000,3925000,0.0997,2.9003
TIME|8,3905000,4032000,0.0996,2.9005
TIME|10,3869000,3994000,0.0996,2.9006
TIME|6,3852000,3977000,0.0997,2.9007
TIME|7,3909000,4036000,0.1001,2.9007
TIME|2,3792000,3920000,0.0996,2.9007
TIME|5,3800000,3927000,0.1000,2.9007
TIME|12,3822000,3946000,0.1006,2.9011
TIME|10,3994000,4172000,0.0994,3.0000
TIME|12,3946000,4121000,0.0990,3.0001
TIME|2,3920000,4099000,0.0994,3.0001
TIME|7,4036000,4212000,0.0995,3.0002
TIME|0,3972000,4149000,0.1001,3.0002
TIME|4,4005000,4184000,0.0999,3.0002
TIME|1,3979000,4164000,0.1001,3.0002
TIME|6,3977000,4154000,0.0995,3.0002
TIME|11,4021000,4198000,0.1001,3.0002
TIME|5,3927000,4107000,0.0996,3.0004
TIME|3,3925000,4102000,0.0999,3.0003
TIME|8,4032000,4212000,0.0999,3.0004
TIME|9,4002000,4182000,0.1004,3.0005
TIME|15,3947000,4126000,0.1004,3.0004
TIME|14,3918000,4097000,0.1002,3.0005
TIME|13,3944000,4122000,0.1003,3.0005
TIME|14,4097000,4272000,0.0996,3.1001
TIME|10,4172000,4349000,0.1001,3.1001
TIME|13,4122000,4297000,0.0996,3.1001
TIME|4,4184000,4359000,0.1000,3.1001
TIME|9,4182000,4361000,0.0998,3.1002
TIME|5,4107000,4283000,0.0999,3.1002
TIME|2,4099000,4277000,0.1002,3.1002
TIME|7,4212000,4388000,0.1001,3.1003
TIME|6,4154000,4331000,0.1002,3.1004
TIME|0,4149000,4323000,0.1002,3.1004
TIME|3,4102000,4277000,0.1002,3.1005
TIME|8,4212000,4390000,0.1001,3.1005
TIME|11,4198000,4374000,0.1003,3.1005
TIME|1,4164000,4344000,0.1004,3.1006
TIME|12,4121000,4296000,0.1005,3.1007
TIME|15,4126000,4302000,0.1002,3.1007
TIME|14,4272000,4416000,0.1000,3.2001
TIME|0,4323000,4459000,0.0996,3.2001
TIME|6,4331000,4473000,0.0998,3.2001
TIME|10,4349000,4490000,0.1001,3.2002
TIME|2,4277000,4417000,0.0999,3.2002
TIME|13,4297000,4438000,0.1000,3.2001
TIME|7,4388000,4528000,0.0998,3.2002
TIME|12,4296000,4435000,0.0996,3.2003
TIME|5,4283000,4428000,0.1002,3.2004
TIME|4,4359000,4499000,0.1003,3.2004
TIME|15,4302000,4439000,0.0998,3.2004
TIME|9,4361000,4504000,0.1002,3.2005
TIME|11,4374000,4515000,0.1000,3.2005
TIME|3,4277000,4414000,0.1001,3.2005
TIME|8,4390000,4532000,0.1000,3.2006
TIME|1,4344000,4483000,0.1004,3.2010
TIME|13,4438000,4567000,0.0999,3.3000
TIME|15,4439000,4569000,0.0996,3.3000
TIME|12,4435000,4565000,0.0997,3.3000
TIME|5,4428000,4560000,0.0997,3.3001
TIME|1,4483000,4616000,0.0992,3.3001
TIME|7,4528000,4658000,0.1001,3.3003
TIME|9,4504000,4634000,0.0998,3.3003
TIME|3,4414000,4544000,0.0998,3.3003
TIME|6,4473000,4602000,0.1002,3.3004
TIME|14,4416000,4547000,0.1004,3.3004
TIME|10,4490000,4622000,0.1003,3.3005
TIME|11,4515000,4642000,0.1000,3.3005
TIME|8,4532000,4659000,0.1000,3.3006
TIME|4,4499000,4629000,0.1001,3.3005
TIME|2,4417000,4548000,0.1004,3.3005
TIME|0,4459000,4583000,0.1006,3.3007
TIME|14,4547000,4685000,0.0996,3.4001
TIME|12,4565000,4706000,0.1002,3.4002
TIME|6,4602000,4746000,0.0999,3.4002
TIME|0,4583000,4725000,0.0996,3.4002
TIME|10,4622000,4764000,0.0998,3.4003
TIME|1,4616000,4759000,0.1001,3.4003
TIME|7,4658000,4797000,0.1001,3.4003
TIME|3,4544000,4683000,0.1000,3.4003
TIME|11,4642000,4786000,0.0998,3.4003
TIME|5,4560000,4702000,0.1003,3.4004
TIME|13,4567000,4711000,0.1004,3.4004
TIME|4,4629000,4775000,0.1001,3.4006
TIME|15,4569000,4711000,0.1006,3.4006
TIME|2,4548000,4692000,0.1002,3.4007
TIME|9,4634000,4780000,0.1005,3.4007
TIME|8,4659000,4803000,0.1006,3.4012
TIME|3,4683000,4847000,0.0997,3.5000
TIME|9,4780000,4941000,0.0993,3.5001
TIME|1,4759000,4923000,0.0998,3.5001
TIME|10,4764000,4928000,0.0998,3.5001
TIME|14,4685000,4846000,0.1000,3.5001
TIME|12,4706000,4866000,0.1000,3.5002
TIME|7,4797000,4961000,0.0999,3.5002
TIME|4,4775000,4939000,0.0996,3.5003
TIME|6,4746000,4910000,0.1001,3.5003
TIME|8,4803000,4967000,0.0993,3.5004
TIME|5,4702000,4865000,0.1000,3.5005
TIME|0,4725000,4887000,0.1002,3.5004
TIME|13,4711000,4874000,0.1001,3.5005
TIME|2,4692000,4853000,0.0999,3.5006
TIME|11,4786000,4949000,0.1003,3.5006
TIME|15,4711000,4874000,0.1000,3.5006
TIME|0,4887000,5058000,0.0996,3.6001
TIME|5,4865000,5039000,0.0996,3.6001
TIME|15,4874000,5046000,0.0995,3.6001
TIME|10,4928000,5100000,0.1001,3.6002
TIME|4,4939000,5114000,0.1000,3.6002
TIME|7,4961000,5134000,0.1001,3.6003
TIME|2,4853000,5028000,0.0998,3.6003
TIME|9,4941000,5115000,0.1003,3.6004
TIME|14,4846000,5021000,0.1004,3.6004
TIME|13,4874000,5044000,0.0999,3.6004
TIME|8,4967000,5140000,0.1000,3.6005
TIME|12,4866000,5039000,0.1003,3.6005
TIME|3,4847000,5019000,0.1004,3.6005
TIME|6,4910000,5084000,0.1002,3.6005
TIME|1,4923000,5098000,0.1004,3.6005
TIME|11,4949000,5121000,0.1000,3.6006
TIME|13,5044000,5226000,0.0997,3.7000
TIME|11,5121000,5302000,0.0995,3.7001
TIME|5,5039000,5224000,0.1001,3.7001
TIME|12,5039000,5220000,0.0997,3.7001
TIME|0,5058000,5240000,0.1001,3.7002
TIME|3,5019000,5201000,0.0997,3.7001
TIME|14,5021000,5205000,0.0999,3.7003
TIME|8,5140000,5323000,0.0999,3.7004
TIME|15,5046000,5229000,0.1003,3.7004
TIME|6,5084000,5265000,0.0999,3.7004
TIME|10,5100000,5285000,0.1003,3.7005
TIME|2,5028000,5211000,0.1001,3.7005
TIME|4,5114000,5298000,0.1003,3.7005
TIME|1,5098000,5283000,0.1001,3.7005
TIME|9,5115000,5300000,0.1002,3.7006
TIME|7,5134000,5316000,0.1002,3.7005
Double Directory
Directory capacity: 262144. depth 18
TIME|6,5265000,5432000,0.0996,3.8000
TIME|3,5201000,5372000,0.0999,3.8001
TIME|0,5240000,5411000,0.0999,3.8001
TIME|9,5300000,5472000,0.0995,3.8001
TIME|12,5220000,5391000,0.0999,3.8001
TIME|1,5283000,5455000,0.0996,3.8001
TIME|7,5316000,5477000,0.0997,3.8002
TIME|11,5302000,5474000,0.1002,3.8003
TIME|2,5211000,5382000,0.0998,3.8003
TIME|8,5323000,5491000,0.1000,3.8004
TIME|14,5205000,5378000,0.1001,3.8004
TIME|15,5229000,5401000,0.1001,3.8004
TIME|13,5226000,5398000,0.1004,3.8005
TIME|5,5224000,5385000,0.1004,3.8006
TIME|10,5285000,5458000,0.1001,3.8006
TIME|4,5298000,5464000,0.1001,3.8006
TIME|4,5464000,5633000,0.0994,3.9000
TIME|8,5491000,5661000,0.0997,3.9001
TIME|14,5378000,5548000,0.0997,3.9001
TIME|10,5458000,5627000,0.0996,3.9001
TIME|9,5472000,5643000,0.1001,3.9002
TIME|15,5401000,5570000,0.0997,3.9002
TIME|12,5391000,5560000,0.1001,3.9002
TIME|11,5474000,5643000,0.1000,3.9003
TIME|13,5398000,5566000,0.0999,3.9003
TIME|5,5385000,5555000,0.0998,3.9004
TIME|6,5432000,5602000,0.1004,3.9004
TIME|7,5477000,5646000,0.1003,3.9005
TIME|3,5372000,5542000,0.1004,3.9004
TIME|1,5455000,5626000,0.1004,3.9005
TIME|2,5382000,5551000,0.1003,3.9006
TIME|0,5411000,5580000,0.1007,3.9008
TIME|14,5548000,5698000,0.0999,4.0001
TIME|5,5555000,5705000,0.0997,4.0001
TIME|6,5602000,5754000,0.0997,4.0001
TIME|2,5551000,5703000,0.0995,4.0001
TIME|8,5661000,5812000,0.1001,4.0002
TIME|12,5560000,5711000,0.1000,4.0002
TIME|0,5580000,5729000,0.0994,4.0002
TIME|11,5643000,5792000,0.1000,4.0003
TIME|13,5566000,5717000,0.1000,4.0003
TIME|1,5626000,5778000,0.0999,4.0003
TIME|9,5643000,5795000,0.1003,4.0004
TIME|3,5542000,5694000,0.1001,4.0005
TIME|10,5627000,5778000,0.1004,4.0005
TIME|7,5646000,5799000,0.1001,4.0006
TIME|15,5570000,5721000,0.1004,4.0006
TIME|4,5633000,5786000,0.1006,4.0007
TIME|7,5799000,5925000,0.0995,4.1001
TIME|10,5778000,5905000,0.0996,4.1001
TIME|9,5795000,5920000,0.0998,4.1002
TIME|8,5812000,5938000,0.1000,4.1002
TIME|6,5754000,5880000,0.1002,4.1003
TIME|12,5711000,5838000,0.1002,4.1004
TIME|4,5786000,5912000,0.0997,4.1004
TIME|11,5792000,5918000,0.1001,4.1004
TIME|2,5703000,5827000,0.1003,4.1004
TIME|14,5698000,5822000,0.1004,4.1005
TIME|1,5778000,5906000,0.1002,4.1005
TIME|13,5717000,5843000,0.1002,4.1005
TIME|0,5729000,5851000,0.1005,4.1007
TIME|3,5694000,5824000,0.1003,4.1008
TIME|5,5705000,5832000,0.1008,4.1008
TIME|15,5721000,5847000,0.1007,4.1013
TIME|4,5912000,6014000,0.0997,4.2000
TIME|14,5822000,5927000,0.0997,4.2002
TIME|2,5827000,5931000,0.0998,4.2001
TIME|8,5938000,6042000,0.1000,4.2002
TIME|6,5880000,5986000,0.0999,4.2002
TIME|11,5918000,6021000,0.1000,4.2003
TIME|15,5847000,5951000,0.0991,4.2004
TIME|3,5824000,5930000,0.0997,4.2004
TIME|1,5906000,6012000,0.1000,4.2005
TIME|9,5920000,6026000,0.1004,4.2006
TIME|0,5851000,5958000,0.0999,4.2006
TIME|13,5843000,5947000,0.1002,4.2007
TIME|10,5905000,6010000,0.1006,4.2007
TIME|12,5838000,5947000,0.1004,4.2008
TIME|7,5925000,6032000,0.1009,4.2010
TIME|5,5832000,5937000,0.1002,4.2010
TIME|8,6042000,6129000,0.1000,4.3002
TIME|3,5930000,6019000,0.0999,4.3003
TIME|5,5937000,6026000,0.0994,4.3005
TIME|15,5951000,6038000,0.1000,4.3004
TIME|7,6032000,6121000,0.0997,4.3006
TIME|14,5927000,6018000,0.1005,4.3007
TIME|4,6014000,6101000,0.1006,4.3007
TIME|11,6021000,6109000,0.1003,4.3007
TIME|9,6026000,6114000,0.1003,4.3008
TIME|13,5947000,6036000,0.1002,4.3009
TIME|10,6010000,6099000,0.1002,4.3010
TIME|12,5947000,6038000,0.1002,4.3009
TIME|1,6012000,6101000,0.1005,4.3010
TIME|0,5958000,6049000,0.1004,4.3010
TIME|2,5931000,6021000,0.1009,4.3011
TIME|6,5986000,6078000,0.1009,4.3011
TIME|14,6018000,6096000,0.0994,4.4001
TIME|2,6021000,6097000,0.0990,4.4001
TIME|5,6026000,6100000,0.0997,4.4001
TIME|4,6101000,6177000,0.0996,4.4002
TIME|10,6099000,6174000,0.0993,4.4003
TIME|3,6019000,6096000,0.1000,4.4003
TIME|0,6049000,6128000,0.0994,4.4005
TIME|9,6114000,6190000,0.0997,4.4005
TIME|7,6121000,6199000,0.1000,4.4006
TIME|1,6101000,6177000,0.0998,4.4007
TIME|13,6036000,6113000,0.0999,4.4007
TIME|8,6129000,6205000,0.1006,4.4008
TIME|12,6038000,6113000,0.1000,4.4009
TIME|15,6038000,6115000,0.1006,4.4011
TIME|6,6078000,6156000,0.1000,4.4011
TIME|11,6109000,6190000,0.1004,4.4010
TIME|9,6190000,6253000,0.0995,4.5000
TIME|3,6096000,6166000,0.0998,4.5001
TIME|11,6190000,6257000,0.0990,4.5001
TIME|6,6156000,6226000,0.0991,4.5002
TIME|15,6115000,6182000,0.0991,4.5002
TIME|4,6177000,6244000,0.1000,4.5003
TIME|13,6113000,6179000,0.0995,4.5003
TIME|0,6128000,6197000,0.0999,4.5004
TIME|8,6205000,6276000,0.0996,4.5005
TIME|2,6097000,6166000,0.1004,4.5004
TIME|5,6100000,6170000,0.1004,4.5005
TIME|7,6199000,6269000,0.0999,4.5005
TIME|10,6174000,6245000,0.1006,4.5009
TIME|12,6113000,6180000,0.1000,4.5009
TIME|14,6096000,6167000,0.1008,4.5009
TIME|1,6177000,6246000,0.1004,4.5012
TIME|5,6170000,6231000,0.0998,4.6003
TIME|12,6180000,6241000,0.0995,4.6004
TIME|9,6253000,6313000,0.1004,4.6004
TIME|7,6269000,6330000,0.1001,4.6006
TIME|4,6244000,6307000,0.1004,4.6007
TIME|3,6166000,6229000,0.1007,4.6008
TIME|0,6197000,6260000,0.1004,4.6008
TIME|1,6246000,6307000,0.0997,4.6009
TIME|14,6167000,6227000,0.1000,4.6010
TIME|13,6179000,6242000,0.1006,4.6009
TIME|8,6276000,6339000,0.1006,4.6011
TIME|6,6226000,6287000,0.1009,4.6011
TIME|11,6257000,6321000,0.1010,4.6011
TIME|2,6166000,6229000,0.1007,4.6012
TIME|10,6245000,6304000,0.1004,4.6013
TIME|15,6182000,6242000,0.1013,4.6015
TIME|7,6330000,6387000,0.0997,4.7003
TIME|15,6242000,6297000,0.0989,4.7004
TIME|5,6231000,6290000,0.1003,4.7005
TIME|13,6242000,6298000,0.0996,4.7005
TIME|1,6307000,6365000,0.0997,4.7006
TIME|2,6229000,6283000,0.0995,4.7007
TIME|11,6321000,6379000,0.0996,4.7007
TIME|8,6339000,6396000,0.0997,4.7008
TIME|6,6287000,6344000,0.0998,4.7009
TIME|0,6260000,6315000,0.1002,4.7010
TIME|12,6241000,6298000,0.1009,4.7013
TIME|9,6313000,6372000,0.1010,4.7015
TIME|10,6304000,6358000,0.1003,4.7016
TIME|14,6227000,6285000,0.1007,4.7016
TIME|3,6229000,6287000,0.1011,4.7019
TIME|4,6307000,6366000,0.1014,4.7021
TIME|4,6366000,6420000,0.0981,4.8001
TIME|11,6379000,6437000,0.0995,4.8002
TIME|9,6372000,6426000,0.0988,4.8002
TIME|14,6285000,6340000,0.0988,4.8004
TIME|12,6298000,6353000,0.0991,4.8004
TIME|5,6290000,6345000,0.1001,4.8006
TIME|6,6344000,6401000,0.0997,4.8007
TIME|15,6297000,6352000,0.1002,4.8006
TIME|3,6287000,6344000,0.0989,4.8008
TIME|0,6315000,6370000,0.1000,4.8009
TIME|2,6283000,6339000,0.1003,4.8010
TIME|8,6396000,6454000,0.1003,4.8011
TIME|1,6365000,6419000,0.1006,4.8012
TIME|13,6298000,6356000,0.1007,4.8012
TIME|7,6387000,6443000,0.1009,4.8013
TIME|10,6358000,6415000,0.0999,4.8015
TIME|1,6419000,6474000,0.0989,4.9000
TIME|3,6344000,6396000,0.0996,4.9003
TIME|9,6426000,6479000,0.1002,4.9004
TIME|4,6420000,6475000,0.1003,4.9005
TIME|7,6443000,6497000,0.0992,4.9005
TIME|8,6454000,6507000,0.0993,4.9005
TIME|2,6339000,6395000,0.0996,4.9006
TIME|14,6340000,6393000,0.1004,4.9007
TIME|15,6352000,6406000,0.1001,4.9007
TIME|10,6415000,6471000,0.0995,4.9010
TIME|5,6345000,6399000,0.1007,4.9013
TIME|11,6437000,6491000,0.1011,4.9013
TIME|0,6370000,6424000,0.1007,4.9016
TIME|12,6353000,6406000,0.1013,4.9017
TIME|13,6356000,6412000,0.1012,4.9024
TIME|6,6401000,6457000,0.1018,4.9025
TIME|6,6457000,6510000,0.0976,5.0001
TIME|3,6396000,6450000,0.0997,5.0001
TIME|2,6395000,6449000,0.0995,5.0001
TIME|11,6491000,6545000,0.0991,5.0003
TIME|9,6479000,6535000,0.1001,5.0004
TIME|5,6399000,6454000,0.0992,5.0005
TIME|1,6474000,6529000,0.1007,5.0008
TIME|15,6406000,6461000,0.1001,5.0008
TIME|14,6393000,6450000,0.1001,5.0009
TIME|7,6497000,6551000,0.1004,5.0009
TIME|4,6475000,6529000,0.1004,5.0009
TIME|10,6471000,6525000,0.0998,5.0009
TIME|13,6412000,6467000,0.0986,5.0010
TIME|0,6424000,6476000,0.0995,5.0011
TIME|8,6507000,6560000,0.1008,5.0013
TIME|12,6406000,6462000,0.1006,5.0023
TIME|7,6551000,6606000,0.0995,5.1003
TIME|15,6461000,6511000,0.0995,5.1003
TIME|4,6529000,6582000,0.0996,5.1004
TIME|8,6560000,6612000,0.0993,5.1005
TIME|1,6529000,6581000,0.0999,5.1006
TIME|11,6545000,6599000,0.1004,5.1007
TIME|9,6535000,6588000,0.1004,5.1009
TIME|6,6510000,6563000,0.1009,5.1009
TIME|12,6462000,6520000,0.0986,5.1009
TIME|13,6467000,6523000,0.1000,5.1010
TIME|10,6525000,6579000,0.1002,5.1010
TIME|0,6476000,6529000,0.1000,5.1011
TIME|5,6454000,6507000,0.1010,5.1014
TIME|3,6450000,6504000,0.1014,5.1014
TIME|14,6450000,6505000,0.1006,5.1015
TIME|2,6449000,6500000,0.1015,5.1016
TIME|5,6507000,6562000,0.0987,5.2001
TIME|6,6563000,6620000,0.0992,5.2001
TIME|7,6606000,6662000,0.0998,5.2002
TIME|1,6581000,6637000,0.0995,5.2001
TIME|8,6612000,6668000,0.0997,5.2002
TIME|11,6599000,6653000,0.0995,5.2002
TIME|3,6504000,6556000,0.0993,5.2008
TIME|12,6520000,6576000,0.1000,5.2009
TIME|2,6500000,6557000,0.0992,5.2009
TIME|15,6511000,6566000,0.1008,5.2011
TIME|9,6588000,6645000,0.1004,5.2012
TIME|14,6505000,6560000,0.0998,5.2013
TIME|10,6579000,6635000,0.1002,5.2013
TIME|13,6523000,6580000,0.1005,5.2015
TIME|4,6582000,6639000,0.1011,5.2015
TIME|0,6529000,6584000,0.1006,5.2017
TIME|13,6580000,6636000,0.0986,5.3001
TIME|9,6645000,6707000,0.0992,5.3004
TIME|5,6562000,6621000,0.1004,5.3005
TIME|1,6637000,6699000,0.1004,5.3005
TIME|7,6662000,6724000,0.1005,5.3007
TIME|2,6557000,6618000,0.0998,5.3007
TIME|4,6639000,6701000,0.0992,5.3007
TIME|10,6635000,6695000,0.0995,5.3008
TIME|15,6566000,6626000,0.0997,5.3008
TIME|6,6620000,6682000,0.1008,5.3009
TIME|11,6653000,6716000,0.1010,5.3012
TIME|8,6668000,6730000,0.1011,5.3013
TIME|0,6584000,6644000,0.0997,5.3014
TIME|12,6576000,6635000,0.1005,5.3014
TIME|14,6560000,6618000,0.1003,5.3016
TIME|3,6556000,6619000,0.1015,5.3023
TIME|3,6619000,6682000,0.0978,5.4001
TIME|11,6716000,6779000,0.0990,5.4003
TIME|8,6730000,6795000,0.0992,5.4005
TIME|9,6707000,6771000,0.1001,5.4005
TIME|2,6618000,6682000,0.0998,5.4005
TIME|13,6636000,6701000,0.1005,5.4006
TIME|10,6695000,6760000,0.0999,5.4007
TIME|12,6635000,6701000,0.0993,5.4007
TIME|15,6626000,6690000,0.0999,5.4007
TIME|14,6618000,6684000,0.0993,5.4009
TIME|1,6699000,6766000,0.1007,5.4012
TIME|5,6621000,6686000,0.1008,5.4012
TIME|0,6644000,6705000,0.0999,5.4013
TIME|7,6724000,6790000,0.1006,5.4013
TIME|6,6682000,6748000,0.1007,5.4016
TIME|4,6701000,6770000,0.1010,5.4017
TIME|15,6690000,6761000,0.0993,5.5000
TIME|12,6701000,6773000,0.0994,5.5001
TIME|4,6770000,6838000,0.0984,5.5001
TIME|6,6748000,6817000,0.0987,5.5003
TIME|10,6760000,6829000,0.0996,5.5003
TIME|9,6771000,6843000,0.0998,5.5003
TIME|7,6790000,6860000,0.0990,5.5003
TIME|1,6766000,6837000,0.0993,5.5005
TIME|14,6684000,6755000,0.0997,5.5006
TIME|0,6705000,6777000,0.0995,5.5008
TIME|5,6686000,6756000,0.0996,5.5009
TIME|13,6701000,6772000,0.1003,5.5009
TIME|8,6795000,6868000,0.1005,5.5009
TIME|3,6682000,6754000,0.1010,5.5011
TIME|2,6682000,6751000,0.1008,5.5014
TIME|11,6779000,6851000,0.1013,5.5015
TIME|8,6868000,6943000,0.0993,5.6002
TIME|14,6755000,6832000,0.0997,5.6003
TIME|11,6851000,6928000,0.0987,5.6002
TIME|7,6860000,6941000,0.1001,5.6005
TIME|6,6817000,6894000,0.1002,5.6005
TIME|15,6761000,6837000,0.1005,5.6005
TIME|4,6838000,6921000,0.1004,5.6005
TIME|1,6837000,6915000,0.1002,5.6007
TIME|5,6756000,6835000,0.1001,5.6009
TIME|2,6751000,6828000,0.0996,5.6009
TIME|10,6829000,6909000,0.1007,5.6010
TIME|13,6772000,6846000,0.1001,5.6010
TIME|12,6773000,6850000,0.1009,5.6010
TIME|9,6843000,6918000,0.1007,5.6010
TIME|0,6777000,6853000,0.1006,5.6014
TIME|3,6754000,6832000,0.1005,5.6016
TIME|9,6918000,7003000,0.0991,5.7001
TIME|0,6853000,6938000,0.0988,5.7002
TIME|11,6928000,7015000,0.0999,5.7001
TIME|5,6835000,6921000,0.0993,5.7002
TIME|13,6846000,6930000,0.0992,5.7002
TIME|3,6832000,6916000,0.0987,5.7003
TIME|2,6828000,6916000,0.0994,5.7003
TIME|7,6941000,7026000,0.0999,5.7004
TIME|15,6837000,6925000,0.0999,5.7004
TIME|1,6915000,7004000,0.0998,5.7005
TIME|4,6921000,7008000,0.1000,5.7006
TIME|6,6894000,6980000,0.1001,5.7006
TIME|14,6832000,6919000,0.1004,5.7007
TIME|8,6943000,7031000,0.1005,5.7007
TIME|12,6850000,6937000,0.0998,5.7008
TIME|10,6909000,6997000,0.0999,5.7009
TIME|8,7031000,7136000,0.0994,5.8001
TIME|2,6916000,7021000,0.0998,5.8000
TIME|1,7004000,7108000,0.0995,5.8001
TIME|5,6921000,7026000,0.1001,5.8003
TIME|14,6919000,7019000,0.0997,5.8004
TIME|13,6930000,7036000,0.1002,5.8004
TIME|12,6937000,7042000,0.0996,5.8004
TIME|3,6916000,7020000,0.1001,5.8004
TIME|10,6997000,7102000,0.0996,5.8005
TIME|4,7008000,7112000,0.1000,5.8005
TIME|7,7026000,7131000,0.1003,5.8006
TIME|11,7015000,7120000,0.1005,5.8006
TIME|6,6980000,7082000,0.1001,5.8007
TIME|15,6925000,7031000,0.1003,5.8007
TIME|0,6938000,7041000,0.1006,5.8008
TIME|9,7003000,7110000,0.1007,5.8008
TIME|14,7019000,7138000,0.0997,5.9001
TIME|4,7112000,7233000,0.0996,5.9001
TIME|10,7102000,7222000,0.0997,5.9002
TIME|6,7082000,7202000,0.0995,5.9002
TIME|9,7110000,7231000,0.0995,5.9003
TIME|13,7036000,7156000,0.0999,5.9003
TIME|12,7042000,7165000,0.0998,5.9002
TIME|11,7120000,7240000,0.0998,5.9003
TIME|5,7026000,7147000,0.1002,5.9004
TIME|8,7136000,7255000,0.1003,5.9004
TIME|15,7031000,7150000,0.0997,5.9004
TIME|7,7131000,7251000,0.0999,5.9005
TIME|2,7021000,7138000,0.1006,5.9006
TIME|1,7108000,7229000,0.1005,5.9006
TIME|0,7041000,7158000,0.0999,5.9007
TIME|3,7020000,7143000,0.1004,5.9008
TIME|2,7138000,7262000,0.0994,6.0000
TIME|13,7156000,7281000,0.0998,6.0001
TIME|9,7231000,7358000,0.0998,6.0001
TIME|1,7229000,7354000,0.0995,6.0001
TIME|8,7255000,7381000,0.0998,6.0002
TIME|0,7158000,7281000,0.0995,6.0003
TIME|11,7240000,7361000,0.1000,6.0003
TIME|5,7147000,7275000,0.0999,6.0004
TIME|15,7150000,7272000,0.0999,6.0003
TIME|3,7143000,7267000,0.0996,6.0004
TIME|10,7222000,7347000,0.1003,6.0004
TIME|6,7202000,7325000,0.1002,6.0004
TIME|14,7138000,7262000,0.1006,6.0007
TIME|4,7233000,7358000,0.1005,6.0006
TIME|7,7251000,7375000,0.1002,6.0007
TIME|12,7165000,7289000,0.1011,6.0013
TIME|8,7381000,7500000,0.0999,6.1001
TIME|6,7325000,7443000,0.0997,6.1001
TIME|15,7272000,7389000,0.0998,6.1001
TIME|5,7275000,7391000,0.0999,6.1002
TIME|13,7281000,7394000,0.1001,6.1002
TIME|0,7281000,7394000,0.1000,6.1003
TIME|2,7262000,7380000,0.1003,6.1003
TIME|9,7358000,7474000,0.1003,6.1004
TIME|11,7361000,7476000,0.1001,6.1004
TIME|14,7262000,7377000,0.0998,6.1005
TIME|1,7354000,7469000,0.1005,6.1006
TIME|12,7289000,7405000,0.0993,6.1006
TIME|7,7375000,7488000,0.0999,6.1007
TIME|4,7358000,7475000,0.1000,6.1007
TIME|10,7347000,7465000,0.1004,6.1008
TIME|3,7267000,7382000,0.1005,6.1008
TIME|14,7377000,7499000,0.0996,6.2001
120000000 operations, 6.20 real_elapsed 
dimm_num = 6 
DIMM0 | Read from IMC | Write from IMC |  Read DIMM  |  Write DIMM  |   RA   |   WA   |
  MB  |       2685.44 |        2633.24 |     8171.56 |      2714.50 |   3.04 |   1.03 |
DIMM1 | Read from IMC | Write from IMC |  Read DIMM  |  Write DIMM  |   RA   |   WA   |
  MB  |       2686.05 |        2633.27 |     8180.96 |      2716.94 |   3.05 |   1.03 |
DIMM2 | Read from IMC | Write from IMC |  Read DIMM  |  Write DIMM  |   RA   |   WA   |
  MB  |       2686.54 |        2633.15 |     8160.71 |      2707.63 |   3.04 |   1.03 |
DIMM3 | Read from IMC | Write from IMC |  Read DIMM  |  Write DIMM  |   RA   |   WA   |
  MB  |        857.09 |        2603.31 |     1172.96 |      2658.95 |   1.37 |   1.02 |
DIMM4 | Read from IMC | Write from IMC |  Read DIMM  |  Write DIMM  |   RA   |   WA   |
  MB  |        854.25 |        2603.29 |     1155.68 |      2655.69 |   1.35 |   1.02 |
DIMM5 | Read from IMC | Write from IMC |  Read DIMM  |  Write DIMM  |   RA   |   WA   |
  MB  |        855.60 |        2603.35 |     1155.50 |      2654.23 |   1.35 |   1.02 |
*SUM* | DIMM-R:  4065.8 MB/s. User-R:  1543.0 MB/s   | DIMM-W:  2339.2 MB/s, User-W:  2281.4 MB/s. Time:   6.89s
*SUMSUM* | DIMM-R: 27997.4 MB| User-R: 10625.0 MB   | DIMM-W: 16107.9 MB | User-W: 15709.6 MB | Time:   6.89s