Randomize the trace...
[32mStart IPMWatcher for readall
[0mthread  7, between 52500000 - 60000000
thread  6, between 45000000 - 52500000
thread 15, between 112500000 - 120000000
thread  9, between 67500000 - 75000000
thread 12, between 90000000 - 97500000
thread  0, between 0 - 7500000
thread  1, between 7500000 - 15000000
thread  2, between 15000000 - 22500000
thread  8, between 60000000 - 67500000
thread  4, between 30000000 - 37500000
thread 10, between 75000000 - 82500000
thread 14, between 105000000 - 112500000
thread 11, between 82500000 - 90000000
thread 13, between 97500000 - 105000000
thread  3, between 22500000 - 30000000
thread  5, between 37500000 - 45000000
TIME|9,0,4000,0.5519,0.5519
TIME|4,0,4000,0.5542,0.5542
TIME|11,0,4000,0.5544,0.5544
TIME|5,0,4000,0.5551,0.5551
TIME|6,0,4000,0.5566,0.5566
TIME|13,0,4000,0.5569,0.5569
TIME|2,0,4000,0.5587,0.5587
TIME|10,0,4000,0.5588,0.5588
TIME|12,0,4000,0.5610,0.5610
TIME|14,0,4000,0.5619,0.5619
TIME|3,0,4000,0.5621,0.5621
TIME|7,0,4000,0.5622,0.5622
TIME|0,0,4000,0.5624,0.5624
TIME|15,0,4000,0.5625,0.5625
TIME|1,0,4000,0.5652,0.5652
TIME|8,0,4000,0.5708,0.5708
TIME|3,4000,10000,0.4501,1.0122
TIME|13,4000,10000,0.4582,1.0150
TIME|11,4000,10000,0.4622,1.0166
TIME|14,4000,10000,0.4578,1.0197
TIME|9,4000,10000,0.4680,1.0200
TIME|10,4000,10000,0.4626,1.0214
TIME|4,4000,10000,0.4692,1.0234
TIME|5,4000,10000,0.4687,1.0238
TIME|0,4000,10000,0.4617,1.0241
TIME|6,4000,10000,0.4683,1.0249
TIME|2,4000,10000,0.4689,1.0276
TIME|7,4000,10000,0.4655,1.0277
TIME|1,4000,10000,0.4628,1.0280
TIME|15,4000,10000,0.4663,1.0289
TIME|12,4000,10000,0.4695,1.0304
TIME|8,4000,10000,0.4634,1.0341
TIME|1,10000,74000,0.4720,1.5000
TIME|11,10000,73000,0.4835,1.5000
TIME|15,10000,74000,0.4713,1.5001
TIME|9,10000,73000,0.4803,1.5002
TIME|6,10000,73000,0.4754,1.5003
TIME|13,10000,73000,0.4852,1.5003
TIME|14,10000,75000,0.4806,1.5003
TIME|7,10000,74000,0.4727,1.5004
TIME|2,10000,73000,0.4727,1.5004
TIME|10,10000,75000,0.4790,1.5004
TIME|4,10000,72000,0.4770,1.5004
TIME|8,10000,74000,0.4664,1.5005
TIME|5,10000,74000,0.4767,1.5005
TIME|3,10000,72000,0.4883,1.5005
TIME|12,10000,74000,0.4703,1.5007
TIME|0,10000,74000,0.4767,1.5008
TIME|9,73000,983000,0.4998,2.0000
TIME|1,74000,979000,0.5000,2.0001
TIME|2,73000,971000,0.4997,2.0000
TIME|0,74000,980000,0.4993,2.0001
TIME|10,75000,981000,0.4998,2.0002
TIME|15,74000,978000,0.5001,2.0002
TIME|5,74000,978000,0.4996,2.0002
TIME|11,73000,988000,0.5002,2.0002
TIME|12,74000,978000,0.4995,2.0003
TIME|4,72000,981000,0.4999,2.0003
TIME|14,75000,989000,0.5000,2.0003
TIME|6,73000,978000,0.5001,2.0004
TIME|3,72000,982000,0.4998,2.0004
TIME|8,74000,980000,0.4999,2.0004
TIME|7,74000,986000,0.5001,2.0005
TIME|13,73000,979000,0.5002,2.0004
TIME|10,981000,1887000,0.4999,2.5000
TIME|4,981000,1888000,0.4997,2.5001
TIME|11,988000,1897000,0.5000,2.5002
TIME|5,978000,1882000,0.5000,2.5002
TIME|7,986000,1897000,0.4998,2.5003
TIME|3,982000,1891000,0.4999,2.5003
TIME|15,978000,1882000,0.5001,2.5003
TIME|13,979000,1884000,0.4999,2.5003
TIME|0,980000,1886000,0.5003,2.5004
TIME|1,979000,1881000,0.5003,2.5004
TIME|14,989000,1903000,0.5001,2.5004
TIME|8,980000,1887000,0.5000,2.5004
TIME|6,978000,1881000,0.5000,2.5004
TIME|2,971000,1874000,0.5004,2.5005
TIME|9,983000,1894000,0.5005,2.5005
TIME|12,978000,1883000,0.5003,2.5006
TIME|9,1894000,2805000,0.4995,3.0000
TIME|10,1887000,2796000,0.5000,3.0000
TIME|4,1888000,2797000,0.4999,3.0000
TIME|15,1882000,2806000,0.4998,3.0001
TIME|5,1882000,2788000,0.4999,3.0001
TIME|2,1874000,2776000,0.4997,3.0002
TIME|14,1903000,2818000,0.4998,3.0002
TIME|1,1881000,2786000,0.4999,3.0003
TIME|3,1891000,2802000,0.5000,3.0003
TIME|0,1886000,2791000,0.4999,3.0003
TIME|6,1881000,2786000,0.5000,3.0004
TIME|11,1897000,2814000,0.5002,3.0004
TIME|12,1883000,2790000,0.4999,3.0004
TIME|7,1897000,2810000,0.5002,3.0005
TIME|13,1884000,2790000,0.5002,3.0005
TIME|8,1887000,2797000,0.5001,3.0005
TIME|6,2786000,3690000,0.4996,3.5000
TIME|1,2786000,3686000,0.4998,3.5001
TIME|8,2797000,3703000,0.4996,3.5001
TIME|15,2806000,3716000,0.5000,3.5001
TIME|7,2810000,3721000,0.4998,3.5002
TIME|2,2776000,3671000,0.5001,3.5003
TIME|11,2814000,3727000,0.4999,3.5003
TIME|9,2805000,3718000,0.5003,3.5003
TIME|3,2802000,3708000,0.5000,3.5003
TIME|4,2797000,3705000,0.5003,3.5003
TIME|12,2790000,3696000,0.4999,3.5004
TIME|14,2818000,3726000,0.5001,3.5004
TIME|5,2788000,3693000,0.5003,3.5004
TIME|10,2796000,3706000,0.5004,3.5005
TIME|13,2790000,3693000,0.5000,3.5004
TIME|0,2791000,3696000,0.5002,3.5005
TIME|1,3686000,4585000,0.4999,4.0000
TIME|0,3696000,4597000,0.4996,4.0001
TIME|12,3696000,4602000,0.4997,4.0001
TIME|13,3693000,4597000,0.4998,4.0002
TIME|5,3693000,4599000,0.4999,4.0002
TIME|15,3716000,4621000,0.5002,4.0003
TIME|4,3705000,4612000,0.5000,4.0003
TIME|6,3690000,4596000,0.5004,4.0004
TIME|10,3706000,4612000,0.4999,4.0004
TIME|2,3671000,4566000,0.5001,4.0004
TIME|3,3708000,4613000,0.5001,4.0004
TIME|11,3727000,4640000,0.5001,4.0004
TIME|9,3718000,4628000,0.5001,4.0005
TIME|7,3721000,4633000,0.5002,4.0005
TIME|14,3726000,4642000,0.5001,4.0005
TIME|8,3703000,4611000,0.5005,4.0006
TIME|7,4633000,5536000,0.4995,4.5000
TIME|1,4585000,5474000,0.5001,4.5001
TIME|13,4597000,5498000,0.4999,4.5001
TIME|2,4566000,5463000,0.4998,4.5002
TIME|4,4612000,5512000,0.4998,4.5002
TIME|6,4596000,5493000,0.4999,4.5002
TIME|11,4640000,5550000,0.4998,4.5002
TIME|3,4613000,5516000,0.4998,4.5002
TIME|9,4628000,5536000,0.4999,4.5003
TIME|0,4597000,5498000,0.5003,4.5004
TIME|14,4642000,5557000,0.4999,4.5004
TIME|10,4612000,5517000,0.5001,4.5004
TIME|12,4602000,5505000,0.5004,4.5005
TIME|8,4611000,5516000,0.4999,4.5005
TIME|15,4621000,5523000,0.5002,4.5005
TIME|5,4599000,5497000,0.5002,4.5005
TIME|9,5536000,6446000,0.4997,5.0000
TIME|1,5474000,6372000,0.4999,5.0000
TIME|4,5512000,6414000,0.4999,5.0000
TIME|14,5557000,6470000,0.4996,5.0000
TIME|7,5536000,6442000,0.5001,5.0001
TIME|13,5498000,6401000,0.5000,5.0001
TIME|12,5505000,6411000,0.4997,5.0001
TIME|5,5497000,6394000,0.4996,5.0001
TIME|8,5516000,6421000,0.4997,5.0002
TIME|6,5493000,6391000,0.5001,5.0004
TIME|2,5463000,6359000,0.5002,5.0004
TIME|15,5523000,6425000,0.4999,5.0004
TIME|11,5550000,6463000,0.5002,5.0004
TIME|10,5517000,6421000,0.5000,5.0004
TIME|0,5498000,6399000,0.5002,5.0006
TIME|3,5516000,6421000,0.5003,5.0006
TIME|6,6391000,7288000,0.4997,5.5001
TIME|0,6399000,7301000,0.4996,5.5001
TIME|15,6425000,7329000,0.4997,5.5001
TIME|11,6463000,7368000,0.4998,5.5001
TIME|3,6421000,7325000,0.4996,5.5002
TIME|2,6359000,7257000,0.4999,5.5002
TIME|14,6470000,7384000,0.5002,5.5003
TIME|13,6401000,7296000,0.5002,5.5003
TIME|12,6411000,7315000,0.5002,5.5003
TIME|7,6442000,7348000,0.5002,5.5003
TIME|8,6421000,7322000,0.5001,5.5003
TIME|9,6446000,7352000,0.5004,5.5004
TIME|1,6372000,7270000,0.5003,5.5004
TIME|10,6421000,7322000,0.5000,5.5004
TIME|5,6394000,7295000,0.5003,5.5004
TIME|4,6414000,7321000,0.5005,5.5005
thread 14 num: 7500000, not find: 254
thread 11 num: 7500000, not find: 275
thread  9 num: 7500000, not find: 255
thread  7 num: 7500000, not find: 278
thread 15 num: 7500000, not find: 250
thread  3 num: 7500000, not find: 257
thread  8 num: 7500000, not find: 232
thread 10 num: 7500000, not find: 239
thread  4 num: 7500000, not find: 260
thread 12 num: 7500000, not find: 245
thread  0 num: 7500000, not find: 251
thread 13 num: 7500000, not find: 247
thread  5 num: 7500000, not find: 246
thread  6 num: 7500000, not find: 224
thread  1 num: 7500000, not find: 281
thread  2 num: 7500000, not find: 292
120000000 operations, 5.63 real_elapsed 
dimm_num = 6 
DIMM0 | Read from IMC | Write from IMC |  Read DIMM  |  Write DIMM  |   RA   |   WA   |
  MB  |       3287.06 |           0.01 |     7723.85 |         6.50 |   2.35 | 440.08 |
DIMM1 | Read from IMC | Write from IMC |  Read DIMM  |  Write DIMM  |   RA   |   WA   |
  MB  |       3288.98 |           0.01 |     7728.36 |         6.62 |   2.35 | 447.87 |
DIMM2 | Read from IMC | Write from IMC |  Read DIMM  |  Write DIMM  |   RA   |   WA   |
  MB  |       3285.19 |           0.01 |     7719.54 |         6.38 |   2.35 | 431.82 |
DIMM3 | Read from IMC | Write from IMC |  Read DIMM  |  Write DIMM  |   RA   |   WA   |
  MB  |       3273.00 |           0.01 |     7668.46 |         6.40 |   2.34 | 433.07 |
DIMM4 | Read from IMC | Write from IMC |  Read DIMM  |  Write DIMM  |   RA   |   WA   |
  MB  |       3267.08 |           0.01 |     7649.90 |         6.36 |   2.34 | 430.36 |
DIMM5 | Read from IMC | Write from IMC |  Read DIMM  |  Write DIMM  |   RA   |   WA   |
  MB  |       3272.74 |           0.01 |     7662.35 |         6.36 |   2.34 | 430.31 |
*SUM* | DIMM-R:  7299.1 MB/s. User-R:  3111.5 MB/s   | DIMM-W:     6.1 MB/s, User-W:     0.0 MB/s. Time:   6.32s
*SUMSUM* | DIMM-R: 46152.5 MB| User-R: 19674.1 MB   | DIMM-W:    38.6 MB | User-W:     0.1 MB | Time:   6.32s
[32mDestroy IPMWatcher.
[0m
