thread 13, between 97500000 - 105000000
thread 14, between 105000000 - 112500000
TIME|6,0,896000,0.5000,0.5000
TIME|5,0,898000,0.5000,0.5000
TIME|0,0,901000,0.5000,0.5000
TIME|13,0,878000,0.5000,0.5000
TIME|3,0,887000,0.5001,0.5001
TIME|12,0,855000,0.5001,0.5001
TIME|4,0,908000,0.5001,0.5001
TIME|14,0,888000,0.5001,0.5001
TIME|15,0,897000,0.5002,0.5002
TIME|7,0,894000,0.5002,0.5002
TIME|11,0,889000,0.5003,0.5003
TIME|10,0,893000,0.5003,0.5003
TIME|2,0,896000,0.5003,0.5003
TIME|1,0,893000,0.5003,0.5003
TIME|9,0,895000,0.5003,0.5003
TIME|8,0,885000,0.5004,0.5004
TIME|12,855000,1730000,0.4999,1.0000
TIME|3,887000,1787000,0.4999,1.0000
TIME|14,888000,1786000,0.4999,1.0001
TIME|13,878000,1776000,0.5000,1.0001
TIME|8,885000,1781000,0.4997,1.0001
TIME|6,896000,1802000,0.5001,1.0002
TIME|4,908000,1807000,0.5000,1.0001
TIME|5,898000,1794000,0.5001,1.0002
TIME|1,893000,1795000,0.4999,1.0002
TIME|7,894000,1794000,0.5000,1.0002
TIME|15,897000,1795000,0.5001,1.0002
TIME|11,889000,1790000,0.5001,1.0004
TIME|2,896000,1792000,0.5001,1.0004
TIME|10,893000,1786000,0.5002,1.0005
TIME|0,901000,1803000,0.5005,1.0005
TIME|9,895000,1791000,0.5002,1.0005
TIME|12,1730000,2605000,0.5000,1.5000
TIME|0,1803000,2694000,0.4996,1.5001
TIME|10,1786000,2676000,0.4997,1.5002
TIME|9,1791000,2682000,0.4997,1.5002
TIME|4,1807000,2704000,0.5001,1.5002
TIME|3,1787000,2685000,0.5002,1.5003
TIME|5,1794000,2688000,0.5001,1.5002
TIME|15,1795000,2707000,0.5001,1.5003
TIME|11,1790000,2686000,0.4999,1.5003
TIME|13,1776000,2671000,0.5003,1.5004
TIME|2,1792000,2686000,0.5000,1.5004
TIME|6,1802000,2707000,0.5003,1.5005
TIME|8,1781000,2675000,0.5004,1.5005
TIME|1,1795000,2695000,0.5003,1.5005
TIME|7,1794000,2692000,0.5003,1.5005
TIME|14,1786000,2682000,0.5005,1.5006
TIME|10,2676000,3569000,0.4998,2.0000
TIME|12,2605000,3484000,0.5000,2.0001
TIME|6,2707000,3612000,0.4996,2.0001
TIME|13,2671000,3568000,0.4997,2.0001
TIME|14,2682000,3580000,0.4995,2.0001
TIME|8,2675000,3569000,0.4997,2.0002
TIME|15,2707000,3611000,0.5000,2.0003
TIME|3,2685000,3584000,0.5001,2.0003
TIME|9,2682000,3576000,0.5001,2.0004
TIME|7,2692000,3591000,0.4999,2.0004
TIME|2,2686000,3581000,0.5000,2.0004
TIME|1,2695000,3597000,0.5000,2.0005
TIME|11,2686000,3585000,0.5002,2.0005
TIME|5,2688000,3583000,0.5002,2.0005
TIME|0,2694000,3595000,0.5004,2.0005
TIME|4,2704000,3603000,0.5003,2.0005
TIME|4,3603000,4497000,0.4995,2.5000
TIME|8,3569000,4462000,0.4998,2.5000
TIME|15,3611000,4499000,0.4998,2.5001
TIME|11,3585000,4482000,0.4996,2.5001
TIME|13,3568000,4464000,0.5000,2.5001
TIME|7,3591000,4486000,0.4997,2.5002
TIME|5,3583000,4475000,0.4997,2.5002
TIME|9,3576000,4466000,0.4998,2.5002
TIME|10,3569000,4459000,0.5002,2.5003
TIME|6,3612000,4516000,0.5002,2.5003
TIME|12,3484000,4361000,0.5003,2.5003
TIME|2,3581000,4474000,0.4999,2.5003
TIME|1,3597000,4495000,0.4999,2.5004
TIME|3,3584000,4480000,0.5001,2.5005
TIME|14,3580000,4477000,0.5004,2.5005
TIME|0,3595000,4492000,0.5001,2.5006
TIME|6,4516000,5416000,0.4998,3.0001
TIME|5,4475000,5366000,0.4999,3.0001
TIME|0,4492000,5388000,0.4995,3.0001
TIME|11,4482000,5377000,0.5000,3.0001
TIME|14,4477000,5370000,0.4996,3.0001
TIME|15,4499000,5389000,0.5001,3.0002
TIME|7,4486000,5382000,0.5000,3.0002
TIME|9,4466000,5355000,0.5000,3.0002
TIME|1,4495000,5391000,0.4999,3.0003
TIME|12,4361000,5234000,0.4999,3.0002
TIME|13,4464000,5352000,0.5001,3.0002
TIME|2,4474000,5364000,0.4999,3.0003
TIME|8,4462000,5353000,0.5003,3.0003
TIME|10,4459000,5346000,0.5001,3.0004
TIME|3,4480000,5375000,0.5001,3.0005
TIME|4,4497000,5391000,0.5005,3.0005
TIME|0,5388000,6285000,0.5000,3.5001
TIME|7,5382000,6276000,0.5000,3.5002
TIME|5,5366000,6257000,0.5001,3.5002
TIME|9,5355000,6241000,0.5000,3.5002
TIME|1,5391000,6288000,0.5001,3.5003
TIME|15,5389000,6280000,0.5002,3.5003
TIME|10,5346000,6235000,0.5000,3.5004
TIME|13,5352000,6244000,0.5001,3.5004
TIME|6,5416000,6313000,0.5004,3.5004
TIME|3,5375000,6271000,0.5000,3.5005
TIME|4,5391000,6285000,0.5000,3.5005
TIME|14,5370000,6265000,0.5004,3.5005
TIME|8,5353000,6245000,0.5002,3.5005
TIME|2,5364000,6255000,0.5003,3.5005
TIME|12,5234000,6108000,0.5003,3.5006
TIME|11,5377000,6274000,0.5004,3.5006
TIME|5,6257000,7150000,0.4999,4.0001
TIME|13,6244000,7140000,0.4997,4.0001
TIME|15,6280000,7173000,0.4998,4.0002
TIME|8,6245000,7135000,0.4997,4.0002
TIME|12,6108000,6980000,0.4996,4.0002
TIME|10,6235000,7125000,0.4999,4.0003
TIME|4,6285000,7180000,0.4998,4.0003
TIME|9,6241000,7127000,0.5001,4.0003
TIME|2,6255000,7147000,0.4998,4.0003
TIME|0,6285000,7183000,0.5003,4.0004
TIME|14,6265000,7159000,0.4999,4.0004
TIME|1,6288000,7184000,0.5001,4.0004
TIME|6,6313000,7215000,0.5000,4.0004
TIME|7,6276000,7173000,0.5003,4.0005
TIME|3,6271000,7167000,0.5000,4.0005
TIME|11,6274000,7170000,0.5000,4.0005
thread  6 num: 7500000, not find: 2
thread  1 num: 7500000, not find: 1
thread  4 num: 7500000, not find: 2
thread 11 num: 7500000, not find: 1
thread  7 num: 7500000, not find: 2
thread 14 num: 7500000, not find: 1
thread  9 num: 7500000, not find: 2
thread 10 num: 7500000, not find: 1
thread 12 num: 7500000, not find: 1
120000000 operations, 4.29 real_elapsed 
dimm_num = 6 
DIMM0 | Read from IMC | Write from IMC |  Read DIMM  |  Write DIMM  |   RA   |   WA   |
  MB  |       2319.92 |           0.01 |     5160.24 |         4.88 |   2.22 | 330.17 |
DIMM1 | Read from IMC | Write from IMC |  Read DIMM  |  Write DIMM  |   RA   |   WA   |
  MB  |       2322.12 |           0.01 |     5160.97 |         4.92 |   2.22 | 333.27 |
DIMM2 | Read from IMC | Write from IMC |  Read DIMM  |  Write DIMM  |   RA   |   WA   |
  MB  |       2324.13 |           0.01 |     5169.00 |         4.72 |   2.22 | 319.74 |
DIMM3 | Read from IMC | Write from IMC |  Read DIMM  |  Write DIMM  |   RA   |   WA   |
  MB  |       2304.30 |           0.01 |     5103.23 |         4.82 |   2.21 | 326.40 |
DIMM4 | Read from IMC | Write from IMC |  Read DIMM  |  Write DIMM  |   RA   |   WA   |
  MB  |       2304.70 |           0.01 |     5109.63 |         4.77 |   2.22 | 322.96 |
DIMM5 | Read from IMC | Write from IMC |  Read DIMM  |  Write DIMM  |   RA   |   WA   |
  MB  |       2302.00 |           0.01 |     5097.33 |         4.61 |   2.21 | 312.18 |
*SUM* | DIMM-R:  6187.3 MB/s. User-R:  2787.7 MB/s   | DIMM-W:     5.8 MB/s, User-W:     0.0 MB/s. Time:   4.98s
*SUMSUM* | DIMM-R: 30800.4 MB| User-R: 13877.2 MB   | DIMM-W:    28.7 MB | User-W:     0.1 MB | Time:   4.98s
[32mDestroy IPMWatcher.
[0m
