key trace size: 240000000
Randomize the trace...------------------------------------------------
HashType:              CCEH
Init Capacity:         16777216
Entries:               240000000
Trace size:            240000000
Read:                  240000000 
Write:                 1000000 
Thread:                4 
Report interval:       1 s
Stats interval:        10000000 records
benchmarks:            ycsbb
------------------------------------------------
Randomize the trace...[32mStart IPMWatcher for ycsbb
[0mthread  1, between 60000000 - 120000000
thread  0, between 0 - 60000000
thread  2, between 120000000 - 180000000
thread  3, between 180000000 - 240000000
TIME|1,0,750000,1.0001,1.0001
TIME|2,0,750000,1.0013,1.0013
TIME|3,0,750000,1.0031,1.0031
TIME|0,0,760000,1.0114,1.0114
TIME|3,750000,1490000,0.9974,2.0004
TIME|0,760000,1500000,0.9951,2.0065
TIME|2,750000,1500000,1.0081,2.0094
TIME|1,750000,1500000,1.0115,2.0117
TIME|2,1500000,2220000,0.9934,3.0028
TIME|1,1500000,2220000,0.9923,3.0039
TIME|3,1490000,2220000,1.0081,3.0086
TIME|0,1500000,2230000,1.0032,3.0097
TIME|1,2220000,2920000,0.9995,4.0035
TIME|3,2220000,2920000,0.9982,4.0067
TIME|0,2230000,2930000,0.9976,4.0073
TIME|2,2220000,2930000,1.0115,4.0143
TIME|2,2930000,3600000,0.9876,5.0019
TIME|0,2930000,3610000,1.0008,5.0081
TIME|1,2920000,3600000,1.0061,5.0095
TIME|3,2920000,3600000,1.0082,5.0149
TIME|2,3600000,4150000,1.0025,6.0044
TIME|0,3610000,4160000,0.9974,6.0055
TIME|3,3600000,4140000,0.9932,6.0081
TIME|1,3600000,4150000,1.0004,6.0099
TIME|2,4150000,4560000,0.9979,7.0024
TIME|1,4150000,4550000,0.9936,7.0035
TIME|3,4140000,4550000,1.0032,7.0112
TIME|0,4160000,4570000,1.0093,7.0147
TIME|2,4560000,5110000,0.9990,8.0014
TIME|1,4550000,5100000,1.0018,8.0053
TIME|3,4550000,5100000,0.9998,8.0110
TIME|0,4570000,5120000,0.9968,8.0116
TIME|3,5100000,5740000,0.9900,9.0010
TIME|2,5110000,5760000,1.0013,9.0027
TIME|1,5100000,5750000,1.0025,9.0078
TIME|0,5120000,5770000,0.9982,9.0098
TIME|0,5770000,6410000,0.9916,10.0014
TIME|1,5750000,6390000,0.9937,10.0016
TIME|3,5740000,6390000,1.0103,10.0114
TIME|2,5760000,6410000,1.0089,10.0116
TIME|2,6410000,7030000,0.9885,11.0001
TIME|0,6410000,7040000,0.9997,11.0011
TIME|3,6390000,7010000,0.9900,11.0013
TIME|1,6390000,7020000,1.0057,11.0073
TIME|2,7030000,7620000,1.0012,12.0014
TIME|3,7010000,7600000,1.0028,12.0042
TIME|1,7020000,7610000,1.0049,12.0121
TIME|0,7040000,7640000,1.0140,12.0151
TIME|3,7600000,8110000,0.9980,13.0021
TIME|1,7610000,8110000,0.9919,13.0040
TIME|2,7620000,8130000,1.0054,13.0068
TIME|0,7640000,8150000,0.9992,13.0143
TIME|2,8130000,8550000,0.9949,14.0016
TIME|3,8110000,8530000,1.0080,14.0102
TIME|0,8150000,8570000,1.0021,14.0164
TIME|1,8110000,8540000,1.0177,14.0217
TIME|1,8540000,8920000,0.9861,15.0078
TIME|3,8530000,8910000,1.0006,15.0108
TIME|0,8570000,8960000,1.0002,15.0166
TIME|2,8550000,8940000,1.0195,15.0212
TIME|0,8960000,9370000,0.9869,16.0035
TIME|2,8940000,9350000,0.9899,16.0111
TIME|1,8920000,9340000,1.0089,16.0167
TIME|3,8910000,9330000,1.0088,16.0196
TIME|1,9340000,9870000,0.9870,17.0037
TIME|3,9330000,9860000,0.9888,17.0084
TIME|0,9370000,9910000,1.0068,17.0103
TIME|2,9350000,9880000,1.0023,17.0134
TIME|0,9910000,10530000,0.9903,18.0005
TIME|3,9860000,10480000,0.9936,18.0020
TIME|2,9880000,10500000,0.9939,18.0073
TIME|1,9870000,10500000,1.0088,18.0125
TIME|3,10480000,11100000,1.0035,19.0055
TIME|2,10500000,11120000,1.0037,19.0109
TIME|1,10500000,11120000,1.0005,19.0130
TIME|0,10530000,11160000,1.0152,19.0158
TIME|1,11120000,11740000,0.9910,20.0039
TIME|0,11160000,11780000,0.9909,20.0067
TIME|2,11120000,11740000,0.9981,20.0090
TIME|3,11100000,11730000,1.0101,20.0156
TIME|3,11730000,12340000,0.9863,21.0019
TIME|1,11740000,12360000,1.0002,21.0041
TIME|0,11780000,12400000,0.9992,21.0059
TIME|2,11740000,12360000,1.0027,21.0117
TIME|3,12340000,12950000,1.0007,22.0026
TIME|1,12360000,12970000,0.9986,22.0028
TIME|0,12400000,13010000,0.9986,22.0044
TIME|2,12360000,12970000,1.0040,22.0157
TIME|0,13010000,13620000,1.0043,23.0088
TIME|1,12970000,13580000,1.0062,23.0090
TIME|2,12970000,13570000,0.9944,23.0101
TIME|3,12950000,13560000,1.0091,23.0118
TIME|1,13580000,14170000,0.9919,24.0009
TIME|2,13570000,14160000,0.9974,24.0075
TIME|3,13560000,14150000,0.9975,24.0092
TIME|0,13620000,14220000,1.0068,24.0156
TIME|2,14160000,14730000,0.9956,25.0030
TIME|0,14220000,14790000,0.9875,25.0031
TIME|1,14170000,14750000,1.0065,25.0074
TIME|3,14150000,14730000,1.0049,25.0141
TIME|2,14730000,15280000,0.9979,26.0010
TIME|1,14750000,15300000,0.9987,26.0061
TIME|3,14730000,15280000,0.9950,26.0091
TIME|0,14790000,15350000,1.0136,26.0167
TIME|2,15280000,15790000,1.0049,27.0059
TIME|1,15300000,15810000,1.0012,27.0073
TIME|3,15280000,15790000,1.0055,27.0146
TIME|0,15350000,15860000,1.0030,27.0197
TIME|1,15810000,16280000,1.0052,28.0125
TIME|2,15790000,16260000,1.0086,28.0145
TIME|0,15860000,16330000,0.9974,28.0170
TIME|3,15790000,16260000,1.0030,28.0176
TIME|3,16260000,16680000,0.9825,29.0001
TIME|0,16330000,16750000,0.9840,29.0010
TIME|1,16280000,16710000,0.9995,29.0120
TIME|2,16260000,16690000,1.0050,29.0195
TIME|3,16680000,17080000,1.0054,30.0055
TIME|0,16750000,17150000,1.0068,30.0078
TIME|2,16690000,17080000,0.9975,30.0170
TIME|1,16710000,17110000,1.0103,30.0223
TIME|3,17080000,17450000,0.9955,31.0010
TIME|0,17150000,17530000,1.0036,31.0114
TIME|1,17110000,17480000,0.9981,31.0204
TIME|2,17080000,17460000,1.0093,31.0263
TIME|2,17460000,17820000,0.9744,32.0007
TIME|1,17480000,17850000,0.9963,32.0167
TIME|0,17530000,17900000,1.0078,32.0192
TIME|3,17450000,17830000,1.0251,32.0262
TIME|1,17850000,18240000,0.9890,33.0057
TIME|3,17830000,18210000,0.9853,33.0114
TIME|0,17900000,18290000,0.9994,33.0186
TIME|2,17820000,18210000,1.0180,33.0186
TIME|0,18290000,18710000,0.9852,34.0038
TIME|1,18240000,18670000,1.0081,34.0138
TIME|3,18210000,18640000,1.0067,34.0181
TIME|2,18210000,18640000,0.9997,34.0184
TIME|3,18640000,19120000,0.9860,35.0042
TIME|2,18640000,19120000,0.9905,35.0089
TIME|0,18710000,19200000,1.0108,35.0145
TIME|1,18670000,19160000,1.0033,35.0171
TIME|2,19120000,19680000,0.9947,36.0036
TIME|0,19200000,19750000,0.9904,36.0050
TIME|1,19160000,19710000,0.9889,36.0059
TIME|3,19120000,19680000,1.0096,36.0138
TIME|3,19680000,20270000,0.9898,37.0037
TIME|0,19750000,20350000,1.0000,37.0050
TIME|1,19710000,20310000,1.0030,37.0089
TIME|2,19680000,20280000,1.0063,37.0099
TIME|2,20280000,20870000,0.9918,38.0017
TIME|0,20350000,20950000,1.0042,38.0091
TIME|3,20270000,20870000,1.0066,38.0103
TIME|1,20310000,20910000,1.0048,38.0137
TIME|0,20950000,21550000,0.9920,39.0012
TIME|3,20870000,21470000,0.9956,39.0059
TIME|1,20910000,21510000,0.9931,39.0068
TIME|2,20870000,21480000,1.0142,39.0158
TIME|2,21480000,22080000,0.9861,40.0020
TIME|1,21510000,22120000,1.0004,40.0072
TIME|3,21470000,22080000,1.0027,40.0086
TIME|0,21550000,22170000,1.0148,40.0159
TIME|0,22170000,22770000,0.9853,41.0012
TIME|2,22080000,22690000,1.0070,41.0089
TIME|1,22120000,22730000,1.0028,41.0100
TIME|3,22080000,22690000,1.0058,41.0144
TIME|1,22730000,23320000,0.9955,42.0054
TIME|2,22690000,23280000,0.9989,42.0079
TIME|0,22770000,23370000,1.0108,42.0120
TIME|3,22690000,23280000,0.9992,42.0136
TIME|0,23370000,23940000,0.9904,43.0024
TIME|2,23280000,23850000,0.9975,43.0054
TIME|3,23280000,23850000,0.9950,43.0086
TIME|1,23320000,23900000,1.0076,43.0130
TIME|0,23940000,24520000,0.9977,44.0001
TIME|2,23850000,24430000,1.0018,44.0072
TIME|3,23850000,24430000,1.0002,44.0088
TIME|1,23900000,24480000,0.9980,44.0111
TIME|0,24520000,25120000,1.0039,45.0040
TIME|2,24430000,25030000,1.0071,45.0143
TIME|1,24480000,25080000,1.0043,45.0153
TIME|3,24430000,25030000,1.0073,45.0161
TIME|1,25080000,25670000,0.9935,46.0088
TIME|3,25030000,25620000,0.9946,46.0107
TIME|0,25120000,25720000,1.0083,46.0123
TIME|2,25030000,25620000,1.0013,46.0156
TIME|0,25720000,26290000,0.9891,47.0014
TIME|3,25620000,26190000,0.9926,47.0033
TIME|2,25620000,26190000,0.9928,47.0085
TIME|1,25670000,26250000,1.0055,47.0143
TIME|2,26190000,26750000,0.9916,48.0000
TIME|0,26290000,26860000,1.0002,48.0016
TIME|3,26190000,26760000,1.0056,48.0089
TIME|1,26250000,26820000,1.0021,48.0164
TIME|3,26760000,27340000,0.9972,49.0061
TIME|1,26820000,27400000,0.9949,49.0113
TIME|0,26860000,27450000,1.0107,49.0123
TIME|2,26750000,27340000,1.0142,49.0142
TIME|1,27400000,27970000,0.9947,50.0060
TIME|0,27450000,28020000,0.9959,50.0082
TIME|3,27340000,27910000,1.0029,50.0090
TIME|2,27340000,27910000,1.0006,50.0148
TIME|3,27910000,28470000,0.9950,51.0041
TIME|2,27910000,28470000,0.9980,51.0129
TIME|0,28020000,28590000,1.0066,51.0148
TIME|1,27970000,28540000,1.0088,51.0148
TIME|1,28540000,29080000,0.9862,52.0010
TIME|0,28590000,29130000,0.9891,52.0039
TIME|2,28470000,29010000,0.9946,52.0074
TIME|3,28470000,29020000,1.0121,52.0162
TIME|0,29130000,29660000,0.9997,53.0036
TIME|3,29020000,29550000,1.0020,53.0182
TIME|1,29080000,29620000,1.0177,53.0187
TIME|2,29010000,29540000,1.0117,53.0191
TIME|3,29550000,30060000,0.9831,54.0013
TIME|0,29660000,30180000,0.9981,54.0017
TIME|1,29620000,30130000,0.9830,54.0017
TIME|2,29540000,30050000,0.9838,54.0029
TIME|3,30060000,30580000,1.0029,55.0042
TIME|2,30050000,30570000,1.0053,55.0082
TIME|0,30180000,30710000,1.0146,55.0162
TIME|1,30130000,30660000,1.0167,55.0184
TIME|2,30570000,31070000,1.0003,56.0085
TIME|0,30710000,31210000,0.9963,56.0125
TIME|1,30660000,31160000,0.9962,56.0147
TIME|3,30580000,31090000,1.0135,56.0178
TIME|2,31070000,31540000,0.9948,57.0033
TIME|1,31160000,31630000,0.9926,57.0073
TIME|0,31210000,31680000,0.9962,57.0087
TIME|3,31090000,31560000,0.9969,57.0147
TIME|3,31560000,32000000,0.9858,58.0005
TIME|0,31680000,32130000,0.9970,58.0058
TIME|2,31540000,31990000,1.0054,58.0087
TIME|1,31630000,32080000,1.0017,58.0091
TIME|1,32080000,32510000,0.9916,59.0007
TIME|2,31990000,32420000,0.9932,59.0019
TIME|3,32000000,32430000,1.0078,59.0083
TIME|0,32130000,32570000,1.0159,59.0217
TIME|0,32570000,32990000,0.9880,60.0096
TIME|1,32510000,32940000,1.0143,60.0150
TIME|3,32430000,32860000,1.0095,60.0178
TIME|2,32420000,32850000,1.0170,60.0189
TIME|2,32850000,33250000,0.9889,61.0078
TIME|0,32990000,33400000,1.0007,61.0103
TIME|3,32860000,33270000,1.0055,61.0233
TIME|1,32940000,33350000,1.0092,61.0243
TIME|2,33250000,33630000,0.9969,62.0046
TIME|3,33270000,33650000,0.9845,62.0078
TIME|1,33350000,33730000,0.9884,62.0126
TIME|0,33400000,33790000,1.0053,62.0156
TIME|2,33630000,34000000,0.9964,63.0010
TIME|1,33730000,34100000,1.0010,63.0137
TIME|3,33650000,34020000,1.0120,63.0198
TIME|0,33790000,34160000,1.0071,63.0227
TIME|1,34100000,34460000,0.9889,64.0026
TIME|0,34160000,34520000,0.9858,64.0085
TIME|2,34000000,34360000,1.0087,64.0097
TIME|3,34020000,34380000,0.9989,64.0186
TIME|0,34520000,34880000,0.9929,65.0014
TIME|3,34380000,34740000,0.9875,65.0062
TIME|2,34360000,34720000,0.9998,65.0095
TIME|1,34460000,34830000,1.0130,65.0155
TIME|2,34720000,35080000,0.9934,66.0029
TIME|1,34830000,35190000,0.9896,66.0051
TIME|0,34880000,35250000,1.0166,66.0180
TIME|3,34740000,35110000,1.0163,66.0225
TIME|0,35250000,35600000,0.9855,67.0036
TIME|2,35080000,35440000,1.0054,67.0083
TIME|3,35110000,35470000,1.0003,67.0227
TIME|1,35190000,35550000,1.0191,67.0242
TIME|2,35440000,35800000,1.0040,68.0123
TIME|3,35470000,35830000,0.9945,68.0172
TIME|1,35550000,35910000,0.9965,68.0207
TIME|0,35600000,35970000,1.0218,68.0253
TIME|3,35830000,36180000,0.9961,69.0133
TIME|2,35800000,36150000,1.0010,69.0134
TIME|1,35910000,36260000,0.9954,69.0161
TIME|0,35970000,36320000,0.9940,69.0193
TIME|3,36180000,36550000,0.9905,70.0038
TIME|2,36150000,36520000,0.9918,70.0052
TIME|0,36320000,36690000,0.9900,70.0093
TIME|1,36260000,36630000,1.0026,70.0187
TIME|2,36520000,36910000,1.0053,71.0106
TIME|0,36690000,37080000,1.0017,71.0110
TIME|1,36630000,37020000,1.0007,71.0194
TIME|3,36550000,36950000,1.0218,71.0256
TIME|3,36950000,37350000,0.9787,72.0043
TIME|2,36910000,37320000,1.0023,72.0128
TIME|1,37020000,37430000,0.9950,72.0144
TIME|0,37080000,37490000,1.0095,72.0205
TIME|0,37490000,37920000,0.9871,73.0076
TIME|1,37430000,37860000,0.9974,73.0118
TIME|2,37320000,37750000,0.9996,73.0124
TIME|3,37350000,37790000,1.0166,73.0209
TIME|3,37790000,38230000,0.9805,74.0014
TIME|1,37860000,38310000,1.0014,74.0131
TIME|2,37750000,38200000,1.0019,74.0143
TIME|0,37920000,38370000,1.0077,74.0154
TIME|3,38230000,38720000,0.9989,75.0003
TIME|0,38370000,38860000,0.9960,75.0114
TIME|2,38200000,38690000,1.0007,75.0151
TIME|1,38310000,38800000,1.0024,75.0155
TIME|2,38690000,39200000,0.9893,76.0043
TIME|0,38860000,39380000,0.9948,76.0061
TIME|3,38720000,39240000,1.0064,76.0066
TIME|1,38800000,39320000,0.9981,76.0136
TIME|0,39380000,39910000,0.9989,77.0050
TIME|2,39200000,39730000,1.0026,77.0070
TIME|3,39240000,39770000,1.0018,77.0085
TIME|1,39320000,39850000,0.9959,77.0095
TIME|0,39910000,40460000,1.0046,78.0097
TIME|2,39730000,40280000,1.0074,78.0144
TIME|1,39850000,40400000,1.0067,78.0162
TIME|3,39770000,40320000,1.0088,78.0172
TIME|1,40400000,40940000,0.9862,79.0024
TIME|2,40280000,40820000,0.9908,79.0052
TIME|3,40320000,40860000,0.9897,79.0069
TIME|0,40460000,41010000,1.0037,79.0134
TIME|3,40860000,41420000,0.9937,80.0006
TIME|2,40820000,41380000,0.9968,80.0020
TIME|0,41010000,41570000,0.9933,80.0067
TIME|1,40940000,41510000,1.0089,80.0113
TIME|3,41420000,41990000,1.0042,81.0048
TIME|2,41380000,41950000,1.0043,81.0062
TIME|0,41570000,42140000,1.0020,81.0086
TIME|1,41510000,42080000,1.0009,81.0122
TIME|3,41990000,42540000,0.9960,82.0009
TIME|0,42140000,42690000,0.9927,82.0013
TIME|2,41950000,42500000,0.9971,82.0033
TIME|1,42080000,42630000,0.9919,82.0040
TIME|1,42630000,43190000,0.9974,83.0014
TIME|3,42540000,43100000,1.0021,83.0029
TIME|2,42500000,43060000,1.0027,83.0060
TIME|0,42690000,43260000,1.0139,83.0153
TIME|3,43100000,43650000,0.9976,84.0005
TIME|2,43060000,43610000,0.9986,84.0047
TIME|0,43260000,43810000,0.9929,84.0082
TIME|1,43190000,43750000,1.0111,84.0125
TIME|3,43650000,44220000,1.0065,85.0070
TIME|0,43810000,44380000,1.0026,85.0107
TIME|2,43610000,44180000,1.0081,85.0127
TIME|1,43750000,44320000,1.0037,85.0162
TIME|1,44320000,44880000,0.9857,86.0019
TIME|2,44180000,44740000,0.9909,86.0036
TIME|3,44220000,44790000,1.0080,86.0149
TIME|0,44380000,44950000,1.0063,86.0171
TIME|2,44740000,45290000,1.0010,87.0046
TIME|0,44950000,45500000,0.9968,87.0138
TIME|3,44790000,45340000,1.0011,87.0160
TIME|1,44880000,45440000,1.0151,87.0171
TIME|3,45340000,45890000,0.9846,88.0007
TIME|2,45290000,45850000,1.0032,88.0078
TIME|0,45500000,46060000,0.9980,88.0118
TIME|1,45440000,46000000,0.9987,88.0158
TIME|0,46060000,46620000,0.9915,89.0033
TIME|2,45850000,46410000,0.9968,89.0047
TIME|1,46000000,46560000,0.9921,89.0079
TIME|3,45890000,46460000,1.0138,89.0145
TIME|3,46460000,47020000,0.9929,90.0074
TIME|0,46620000,47190000,1.0065,90.0098
TIME|1,46560000,47130000,1.0074,90.0153
TIME|2,46410000,46980000,1.0110,90.0157
TIME|1,47130000,47690000,0.9893,91.0045
TIME|2,46980000,47540000,0.9930,91.0087
TIME|0,47190000,47760000,1.0061,91.0158
TIME|3,47020000,47590000,1.0093,91.0166
TIME|2,47540000,48080000,0.9944,92.0031
TIME|0,47760000,48300000,0.9899,92.0057
TIME|3,47590000,48130000,0.9936,92.0102
TIME|1,47690000,48240000,1.0081,92.0126
TIME|0,48300000,48850000,0.9951,93.0008
TIME|3,48130000,48680000,0.9945,93.0048
TIME|1,48240000,48790000,0.9923,93.0049
TIME|2,48080000,48640000,1.0147,93.0178
TIME|2,48640000,49190000,0.9867,94.0045
TIME|1,48790000,49350000,1.0018,94.0067
TIME|3,48680000,49240000,1.0025,94.0072
TIME|0,48850000,49420000,1.0154,94.0162
TIME|1,49350000,49910000,1.0001,95.0068
TIME|2,49190000,49750000,1.0057,95.0102
TIME|3,49240000,49800000,1.0056,95.0128
TIME|0,49420000,49980000,0.9999,95.0161
TIME|3,49800000,50350000,0.9884,96.0012
TIME|1,49910000,50470000,1.0026,96.0094
TIME|2,49750000,50310000,1.0057,96.0159
TIME|0,49980000,50540000,1.0006,96.0167
TIME|2,50310000,50840000,0.9867,97.0026
TIME|3,50350000,50890000,1.0071,97.0083
TIME|1,50470000,51010000,1.0004,97.0098
TIME|0,50540000,51080000,1.0003,97.0171
TIME|2,50840000,51390000,1.0072,98.0097
TIME|1,51010000,51560000,1.0022,98.0119
TIME|3,50890000,51440000,1.0053,98.0136
TIME|0,51080000,51630000,1.0007,98.0177
TIME|1,51560000,52110000,0.9965,99.0084
TIME|2,51390000,51940000,1.0004,99.0102
TIME|0,51630000,52180000,0.9954,99.0132
TIME|3,51440000,51990000,1.0009,99.0145
TIME|3,51990000,52530000,0.9881,100.0026
TIME|1,52110000,52660000,1.0022,100.0106
TIME|0,52180000,52730000,1.0020,100.0151
TIME|2,51940000,52490000,1.0063,100.0165
TIME|2,52490000,53030000,0.9851,101.0016
TIME|3,52530000,53080000,1.0059,101.0085
TIME|1,52660000,53210000,1.0015,101.0121
TIME|0,52730000,53280000,1.0017,101.0168
TIME|2,53030000,53560000,1.0031,102.0047
TIME|3,53080000,53610000,0.9994,102.0079
TIME|1,53210000,53740000,0.9966,102.0087
TIME|0,53280000,53810000,0.9967,102.0135
TIME|1,53740000,54280000,0.9963,103.0050
TIME|2,53560000,54100000,1.0039,103.0086
TIME|0,53810000,54350000,0.9973,103.0108
TIME|3,53610000,54150000,1.0030,103.0109
TIME|1,54280000,54820000,0.9952,104.0002
TIME|2,54100000,54640000,0.9994,104.0080
TIME|0,54350000,54890000,0.9979,104.0087
TIME|3,54150000,54690000,1.0008,104.0117
TIME|0,54890000,55410000,0.9935,105.0023
TIME|2,54640000,55160000,0.9958,105.0038
TIME|1,54820000,55350000,1.0127,105.0129
TIME|3,54690000,55210000,1.0071,105.0188
TIME|2,55160000,55690000,0.9963,106.0002
TIME|1,55350000,55880000,0.9915,106.0044
TIME|0,55410000,55950000,1.0101,106.0123
TIME|3,55210000,55740000,0.9937,106.0125
TIME|2,55690000,56210000,1.0050,107.0052
TIME|1,55880000,56400000,1.0012,107.0056
TIME|0,55950000,56470000,1.0007,107.0131
TIME|3,55740000,56260000,1.0043,107.0168
TIME|2,56210000,56730000,0.9998,108.0050
TIME|0,56470000,56990000,0.9925,108.0055
TIME|3,56260000,56780000,0.9960,108.0127
TIME|1,56400000,56930000,1.0121,108.0177
TIME|1,56930000,57450000,0.9826,109.0003
TIME|3,56780000,57300000,0.9893,109.0021
TIME|0,56990000,57520000,1.0040,109.0095
TIME|2,56730000,57260000,1.0076,109.0126
TIME|0,57520000,58040000,0.9949,110.0044
TIME|2,57260000,57780000,0.9956,110.0081
TIME|1,57450000,57980000,1.0090,110.0093
TIME|3,57300000,57830000,1.0139,110.0159
TIME|3,57830000,58340000,0.9859,111.0018
TIME|0,58040000,58560000,1.0004,111.0048
TIME|1,57980000,58500000,0.9982,111.0075
TIME|2,57780000,58300000,1.0070,111.0151
TIME|2,58300000,58790000,0.9857,112.0008
TIME|0,58560000,59060000,0.9990,112.0038
TIME|3,58340000,58840000,1.0053,112.0071
TIME|1,58500000,59000000,1.0000,112.0075
TIME|2,58790000,59290000,1.0016,113.0023
TIME|0,59060000,59560000,1.0022,113.0060
TIME|1,59000000,59500000,1.0015,113.0090
TIME|3,58840000,59340000,1.0029,113.0100
TIME|2,59290000,59800000,1.0018,114.0041
TIME|3,59340000,59850000,1.0016,114.0116
240000000 operations, 114.31 real_elapsed 
dimm_num = 2 
DIMM0 | Read from IMC | Write from IMC |  Read DIMM  |  Write DIMM  |   RA   |   WA   |
  MB  |     160056.11 |       38868.20 |   267848.56 |    107408.09 |   1.67 |   2.76 |
DIMM1 | Read from IMC | Write from IMC |  Read DIMM  |  Write DIMM  |   RA   |   WA   |
  MB  |          0.02 |           0.01 |        6.27 |        87.40 | 262.61 | 10227.97 |
*SUM* | DIMM-R:  2339.4 MB/s. User-R:  1397.9 MB/s   | DIMM-W:   938.9 MB/s, User-W:   339.5 MB/s. Time: 114.50s
*SUMSUM* | DIMM-R: 267854.8 MB| User-R: 160056.1 MB   | DIMM-W: 107495.5 MB | User-W: 38868.2 MB | Time: 114.50s
[32mDestroy IPMWatcher.
[0m
