key trace size: 240000000
Randomize the trace...------------------------------------------------
HashType:              CCEH
Init Capacity:         16777216
Entries:               240000000
Trace size:            240000000
Read:                  240000000 
Write:                 1000000 
Thread:                4 
Report interval:       1 s
Stats interval:        10000000 records
benchmarks:            ycsbb
------------------------------------------------
Randomize the trace...[32mStart IPMWatcher for ycsbb
[0mthread  3, between 180000000 - 240000000
thread  1, between 60000000 - 120000000
thread  0, between 0 - 60000000
thread  2, between 120000000 - 180000000
TIME|0,0,650000,1.0022,1.0022
TIME|3,0,650000,1.0027,1.0027
TIME|1,0,650000,1.0044,1.0044
TIME|2,0,650000,1.0058,1.0058
TIME|1,650000,1300000,0.9958,2.0003
TIME|0,650000,1300000,1.0008,2.0030
TIME|2,650000,1300000,0.9988,2.0046
TIME|3,650000,1310000,1.0141,2.0168
TIME|3,1310000,1950000,0.9849,3.0017
TIME|1,1300000,1950000,1.0024,3.0026
TIME|0,1300000,1950000,1.0021,3.0051
TIME|2,1300000,1950000,1.0034,3.0080
TIME|3,1950000,2600000,1.0028,4.0045
TIME|0,1950000,2600000,1.0049,4.0100
TIME|1,1950000,2600000,1.0075,4.0101
TIME|2,1950000,2600000,1.0088,4.0169
TIME|3,2600000,3240000,0.9959,5.0005
TIME|2,2600000,3230000,0.9853,5.0021
TIME|0,2600000,3240000,0.9969,5.0068
TIME|1,2600000,3240000,0.9984,5.0085
TIME|3,3240000,3880000,1.0002,6.0007
TIME|2,3230000,3870000,1.0049,6.0070
TIME|1,3240000,3880000,1.0013,6.0097
TIME|0,3240000,3880000,1.0040,6.0109
TIME|0,3880000,4510000,0.9937,7.0046
TIME|2,3870000,4500000,0.9976,7.0046
TIME|1,3880000,4510000,0.9954,7.0051
TIME|3,3880000,4520000,1.0089,7.0096
TIME|0,4510000,5140000,0.9985,8.0030
TIME|1,4510000,5140000,0.9989,8.0040
TIME|2,4500000,5130000,1.0016,8.0062
TIME|3,4520000,5150000,0.9993,8.0089
TIME|2,5130000,5750000,0.9965,9.0028
TIME|0,5140000,5770000,1.0060,9.0091
TIME|1,5140000,5770000,1.0065,9.0105
TIME|3,5150000,5780000,1.0075,9.0164
TIME|2,5750000,6370000,1.0025,10.0052
TIME|1,5770000,6390000,0.9976,10.0081
TIME|0,5770000,6390000,0.9991,10.0082
TIME|3,5780000,6400000,0.9965,10.0130
TIME|2,6370000,6980000,0.9959,11.0012
TIME|3,6400000,7010000,0.9900,11.0030
TIME|0,6390000,7010000,1.0072,11.0154
TIME|1,6390000,7010000,1.0093,11.0174
TIME|0,7010000,7600000,0.9867,12.0021
TIME|1,7010000,7600000,0.9890,12.0064
TIME|3,7010000,7610000,1.0044,12.0073
TIME|2,6980000,7580000,1.0121,12.0132
TIME|2,7580000,8120000,0.9871,13.0003
TIME|3,7610000,8160000,0.9949,13.0022
TIME|1,7600000,8150000,0.9995,13.0059
TIME|0,7600000,8160000,1.0160,13.0181
TIME|1,8150000,8640000,1.0008,14.0068
TIME|0,8160000,8650000,0.9979,14.0159
TIME|3,8160000,8660000,1.0170,14.0192
TIME|2,8120000,8620000,1.0199,14.0201
TIME|2,8620000,9080000,0.9820,15.0021
TIME|1,8640000,9110000,0.9994,15.0062
TIME|0,8650000,9120000,0.9947,15.0106
TIME|3,8660000,9130000,0.9984,15.0177
TIME|2,9080000,9610000,1.0074,16.0096
TIME|3,9130000,9650000,0.9935,16.0111
TIME|1,9110000,9640000,1.0068,16.0130
TIME|0,9120000,9650000,1.0060,16.0167
TIME|2,9610000,10200000,0.9918,17.0014
TIME|0,9650000,10240000,0.9879,17.0046
TIME|1,9640000,10240000,1.0027,17.0157
TIME|3,9650000,10250000,1.0047,17.0159
TIME|2,10200000,10800000,1.0001,18.0015
TIME|1,10240000,10840000,0.9936,18.0093
TIME|3,10250000,10850000,0.9942,18.0100
TIME|0,10240000,10850000,1.0105,18.0150
TIME|0,10850000,11450000,0.9884,19.0034
TIME|3,10850000,11460000,1.0025,19.0126
TIME|1,10840000,11450000,1.0036,19.0129
TIME|2,10800000,11410000,1.0131,19.0146
TIME|1,11450000,12050000,0.9909,20.0037
TIME|3,11460000,12060000,0.9915,20.0041
TIME|0,11450000,12060000,1.0074,20.0108
TIME|2,11410000,12010000,0.9963,20.0109
TIME|3,12060000,12660000,0.9974,21.0015
TIME|0,12060000,12660000,0.9964,21.0072
TIME|2,12010000,12610000,1.0016,21.0125
TIME|1,12050000,12660000,1.0126,21.0163
TIME|1,12660000,13250000,0.9839,22.0001
TIME|0,12660000,13250000,0.9972,22.0044
TIME|2,12610000,13200000,1.0001,22.0126
TIME|3,12660000,13260000,1.0120,22.0135
TIME|3,13260000,13850000,0.9919,23.0054
TIME|1,13250000,13850000,1.0094,23.0096
TIME|2,13200000,13790000,0.9984,23.0110
TIME|0,13250000,13850000,1.0097,23.0142
TIME|1,13850000,14430000,0.9950,24.0046
TIME|0,13850000,14430000,0.9953,24.0095
TIME|2,13790000,14370000,1.0005,24.0115
TIME|3,13850000,14440000,1.0095,24.0149
TIME|0,14430000,15000000,0.9917,25.0012
TIME|3,14440000,15010000,0.9889,25.0038
TIME|2,14370000,14940000,0.9968,25.0082
TIME|1,14430000,15010000,1.0070,25.0116
TIME|0,15000000,15560000,1.0023,26.0034
TIME|3,15010000,15570000,1.0047,26.0084
TIME|1,15010000,15570000,1.0020,26.0136
TIME|2,14940000,15500000,1.0065,26.0147
TIME|1,15570000,16100000,0.9922,27.0058
TIME|0,15560000,16100000,1.0121,27.0156
TIME|2,15500000,16030000,1.0021,27.0168
TIME|3,15570000,16110000,1.0113,27.0198
TIME|1,16100000,16600000,0.9947,28.0006
TIME|0,16100000,16600000,0.9913,28.0069
TIME|3,16110000,16610000,0.9939,28.0137
TIME|2,16030000,16530000,1.0038,28.0207
TIME|1,16600000,17080000,1.0097,29.0103
TIME|2,16530000,17000000,0.9919,29.0126
TIME|0,16600000,17080000,1.0072,29.0140
TIME|3,16610000,17090000,1.0069,29.0206
TIME|3,17090000,17540000,0.9859,30.0065
TIME|1,17080000,17540000,1.0004,30.0106
TIME|0,17080000,17540000,1.0034,30.0175
TIME|2,17000000,17460000,1.0063,30.0189
TIME|3,17540000,18000000,0.9977,31.0041
TIME|2,17460000,17910000,0.9941,31.0130
TIME|1,17540000,18000000,1.0041,31.0147
TIME|0,17540000,18000000,1.0005,31.0180
TIME|1,18000000,18470000,0.9862,32.0009
TIME|2,17910000,18380000,0.9974,32.0104
TIME|0,18000000,18470000,0.9952,32.0132
TIME|3,18000000,18480000,1.0128,32.0169
TIME|0,18470000,18980000,0.9893,33.0026
TIME|3,18480000,18990000,0.9871,33.0040
TIME|1,18470000,18990000,1.0051,33.0060
TIME|2,18380000,18900000,1.0065,33.0170
TIME|2,18900000,19450000,0.9880,34.0050
TIME|3,18990000,19550000,1.0015,34.0054
TIME|1,18990000,19550000,1.0007,34.0067
TIME|0,18980000,19550000,1.0144,34.0169
TIME|0,19550000,20130000,0.9850,35.0019
TIME|3,19550000,20140000,1.0002,35.0056
TIME|1,19550000,20140000,1.0024,35.0091
TIME|2,19450000,20040000,1.0066,35.0116
TIME|0,20130000,20730000,0.9986,36.0005
TIME|3,20140000,20740000,0.9992,36.0049
TIME|1,20140000,20740000,0.9983,36.0074
TIME|2,20040000,20640000,1.0037,36.0154
TIME|0,20730000,21320000,1.0065,37.0070
TIME|2,20640000,21220000,0.9953,37.0107
TIME|3,20740000,21330000,1.0060,37.0109
TIME|1,20740000,21330000,1.0070,37.0145
TIME|2,21220000,21810000,0.9921,38.0028
TIME|1,21330000,21920000,0.9889,38.0034
TIME|0,21320000,21920000,1.0052,38.0122
TIME|3,21330000,21930000,1.0049,38.0158
TIME|0,21920000,22510000,0.9883,39.0005
TIME|3,21930000,22520000,0.9894,39.0051
TIME|1,21920000,22520000,1.0059,39.0093
TIME|2,21810000,22410000,1.0099,39.0127
TIME|1,22520000,23110000,0.9915,40.0008
TIME|2,22410000,23000000,0.9951,40.0077
TIME|0,22510000,23110000,1.0076,40.0081
TIME|3,22520000,23120000,1.0065,40.0117
TIME|0,23110000,23700000,0.9921,41.0002
TIME|3,23120000,23710000,0.9913,41.0029
TIME|2,23000000,23590000,0.9975,41.0052
TIME|1,23110000,23710000,1.0091,41.0098
TIME|0,23700000,24290000,1.0038,42.0040
TIME|3,23710000,24300000,1.0032,42.0061
TIME|2,23590000,24180000,1.0084,42.0136
TIME|1,23710000,24300000,1.0045,42.0143
TIME|2,24180000,24760000,0.9903,43.0039
TIME|0,24290000,24880000,1.0025,43.0065
TIME|3,24300000,24890000,1.0024,43.0085
TIME|1,24300000,24890000,1.0013,43.0156
TIME|0,24880000,25470000,0.9977,44.0043
TIME|3,24890000,25480000,0.9966,44.0051
TIME|2,24760000,25350000,1.0068,44.0106
TIME|1,24890000,25480000,0.9983,44.0139
TIME|1,25480000,26060000,0.9865,45.0004
TIME|2,25350000,25930000,0.9958,45.0065
TIME|3,25480000,26070000,1.0042,45.0093
TIME|0,25470000,26060000,1.0061,45.0103
TIME|2,25930000,26510000,0.9945,46.0010
TIME|1,26060000,26650000,1.0029,46.0033
TIME|3,26070000,26660000,1.0039,46.0132
TIME|0,26060000,26650000,1.0050,46.0153
TIME|1,26650000,27230000,0.9995,47.0027
TIME|2,26510000,27090000,1.0035,47.0044
TIME|3,26660000,27240000,0.9983,47.0114
TIME|0,26650000,27230000,1.0001,47.0154
TIME|2,27090000,27670000,1.0033,48.0077
TIME|3,27240000,27820000,0.9973,48.0088
TIME|0,27230000,27810000,0.9975,48.0129
TIME|1,27230000,27820000,1.0138,48.0165
TIME|2,27670000,28240000,0.9928,49.0005
TIME|1,27820000,28390000,0.9859,49.0024
TIME|3,27820000,28400000,1.0035,49.0123
TIME|0,27810000,28390000,1.0035,49.0164
TIME|3,28400000,28970000,0.9919,50.0042
TIME|0,28390000,28960000,0.9915,50.0078
TIME|1,28390000,28970000,1.0070,50.0094
TIME|2,28240000,28820000,1.0165,50.0170
TIME|3,28970000,29540000,1.0006,51.0048
TIME|2,28820000,29380000,0.9921,51.0092
TIME|0,28960000,29530000,1.0035,51.0113
TIME|1,28970000,29540000,1.0026,51.0120
TIME|2,29380000,29930000,0.9918,52.0009
TIME|3,29540000,30100000,1.0045,52.0093
TIME|0,29530000,30090000,1.0053,52.0166
TIME|1,29540000,30100000,1.0050,52.0171
TIME|2,29930000,30480000,0.9995,53.0004
TIME|3,30100000,30650000,0.9940,53.0032
TIME|1,30100000,30650000,0.9953,53.0123
TIME|0,30090000,30640000,0.9987,53.0154
TIME|2,30480000,31020000,1.0059,54.0063
TIME|1,30650000,31190000,0.9946,54.0069
TIME|0,30640000,31180000,1.0012,54.0166
TIME|3,30650000,31200000,1.0136,54.0169
TIME|1,31190000,31720000,1.0000,55.0070
TIME|2,31020000,31550000,1.0026,55.0089
TIME|3,31200000,31730000,0.9947,55.0115
TIME|0,31180000,31710000,1.0013,55.0179
TIME|3,31730000,32240000,0.9916,56.0031
TIME|0,31710000,32220000,0.9905,56.0084
TIME|1,31720000,32240000,1.0066,56.0136
TIME|2,31550000,32070000,1.0097,56.0186
TIME|2,32070000,32560000,0.9918,57.0104
TIME|3,32240000,32740000,1.0103,57.0135
TIME|0,32220000,32720000,1.0071,57.0154
TIME|1,32240000,32740000,1.0055,57.0191
TIME|1,32740000,33220000,0.9821,58.0012
TIME|3,32740000,33220000,0.9894,58.0029
TIME|2,32560000,33040000,0.9934,58.0038
TIME|0,32720000,33210000,1.0006,58.0160
TIME|1,33220000,33690000,1.0003,59.0015
TIME|2,33040000,33510000,0.9981,59.0018
TIME|0,33210000,33680000,0.9986,59.0146
TIME|3,33220000,33700000,1.0133,59.0162
TIME|2,33510000,33970000,0.9991,60.0009
TIME|0,33680000,34140000,0.9886,60.0031
TIME|3,33700000,34160000,0.9952,60.0114
TIME|1,33690000,34160000,1.0101,60.0117
TIME|0,34140000,34600000,1.0077,61.0108
TIME|2,33970000,34430000,1.0109,61.0119
TIME|3,34160000,34620000,1.0043,61.0158
TIME|1,34160000,34620000,1.0059,61.0175
TIME|2,34430000,34870000,0.9890,62.0009
TIME|3,34620000,35070000,0.9915,62.0072
TIME|1,34620000,35070000,0.9961,62.0137
TIME|0,34600000,35050000,1.0036,62.0144
TIME|2,34870000,35320000,1.0010,63.0018
TIME|3,35070000,35520000,1.0013,63.0085
TIME|1,35070000,35520000,1.0003,63.0140
TIME|0,35050000,35500000,1.0039,63.0183
TIME|1,35520000,35970000,0.9902,64.0042
TIME|2,35320000,35770000,1.0035,64.0053
TIME|0,35500000,35950000,0.9960,64.0143
TIME|3,35520000,35980000,1.0088,64.0173
TIME|0,35950000,36410000,0.9876,65.0019
TIME|2,35770000,36230000,0.9966,65.0019
TIME|3,35980000,36440000,0.9914,65.0087
TIME|1,35970000,36440000,1.0100,65.0142
TIME|0,36410000,36890000,1.0074,66.0093
TIME|2,36230000,36710000,1.0109,66.0128
TIME|3,36440000,36920000,1.0070,66.0157
TIME|1,36440000,36920000,1.0048,66.0190
TIME|0,36890000,37380000,0.9984,67.0077
TIME|1,36920000,37410000,0.9894,67.0084
TIME|2,36710000,37200000,1.0036,67.0164
TIME|3,36920000,37410000,1.0016,67.0173
TIME|3,37410000,37920000,0.9884,68.0057
TIME|2,37200000,37710000,0.9921,68.0085
TIME|0,37380000,37900000,1.0064,68.0141
TIME|1,37410000,37930000,1.0075,68.0159
TIME|1,37930000,38460000,0.9876,69.0034
TIME|3,37920000,38460000,1.0010,69.0067
TIME|0,37900000,38440000,1.0016,69.0157
TIME|2,37710000,38250000,1.0107,69.0192
TIME|3,38460000,39020000,0.9941,70.0009
TIME|1,38460000,39020000,0.9994,70.0028
TIME|2,38250000,38800000,0.9841,70.0032
TIME|0,38440000,39000000,0.9983,70.0140
TIME|0,39000000,39550000,0.9891,71.0031
TIME|3,39020000,39580000,1.0057,71.0066
TIME|1,39020000,39580000,1.0061,71.0090
TIME|2,38800000,39360000,1.0098,71.0130
TIME|2,39360000,39900000,0.9901,72.0031
TIME|0,39550000,40100000,1.0036,72.0067
TIME|3,39580000,40130000,1.0051,72.0116
TIME|1,39580000,40130000,1.0064,72.0154
TIME|2,39900000,40470000,1.0014,73.0045
TIME|0,40100000,40670000,0.9983,73.0049
TIME|3,40130000,40700000,0.9958,73.0075
TIME|1,40130000,40700000,0.9958,73.0113
TIME|3,40700000,41280000,0.9968,74.0043
TIME|0,40670000,41250000,1.0000,74.0050
TIME|2,40470000,41050000,1.0032,74.0077
TIME|1,40700000,41280000,0.9971,74.0084
TIME|3,41280000,41860000,0.9958,75.0001
TIME|0,41250000,41830000,0.9963,75.0013
TIME|1,41280000,41860000,0.9940,75.0024
TIME|2,41050000,41630000,0.9982,75.0059
TIME|1,41860000,42440000,0.9984,76.0009
TIME|0,41830000,42410000,0.9997,76.0010
TIME|2,41630000,42210000,1.0039,76.0098
TIME|3,41860000,42450000,1.0154,76.0155
TIME|1,42440000,43000000,1.0015,77.0024
TIME|0,42410000,42970000,1.0015,77.0025
TIME|2,42210000,42770000,1.0047,77.0145
TIME|3,42450000,43010000,0.9998,77.0153
TIME|3,43010000,43580000,0.9936,78.0089
TIME|1,43000000,43580000,1.0123,78.0146
TIME|0,42970000,43550000,1.0141,78.0166
TIME|2,42770000,43340000,1.0021,78.0166
TIME|2,43340000,43910000,0.9862,79.0028
TIME|3,43580000,44160000,0.9987,79.0076
TIME|1,43580000,44160000,0.9981,79.0127
TIME|0,43550000,44130000,0.9996,79.0161
TIME|2,43910000,44490000,1.0008,80.0036
TIME|3,44160000,44740000,0.9965,80.0041
TIME|1,44160000,44740000,0.9966,80.0093
TIME|0,44130000,44710000,0.9972,80.0133
TIME|3,44740000,45320000,0.9998,81.0039
TIME|1,44740000,45320000,0.9987,81.0080
TIME|2,44490000,45070000,1.0046,81.0082
TIME|0,44710000,45290000,1.0001,81.0135
TIME|3,45320000,45870000,0.9966,82.0005
TIME|1,45320000,45880000,1.0021,82.0101
TIME|0,45290000,45840000,0.9972,82.0107
TIME|2,45070000,45620000,1.0030,82.0113
TIME|2,45620000,46190000,0.9899,83.0011
TIME|3,45870000,46450000,1.0026,83.0032
TIME|1,45880000,46460000,1.0027,83.0129
TIME|0,45840000,46420000,1.0033,83.0140
TIME|3,46450000,47030000,0.9988,84.0020
TIME|2,46190000,46770000,1.0037,84.0049
TIME|1,46460000,47040000,0.9982,84.0111
TIME|0,46420000,47000000,0.9992,84.0132
TIME|3,47030000,47610000,1.0004,85.0024
TIME|2,46770000,47350000,1.0046,85.0095
TIME|1,47040000,47620000,0.9998,85.0109
TIME|0,47000000,47580000,0.9999,85.0131
TIME|2,47350000,47920000,0.9909,86.0004
TIME|3,47610000,48190000,1.0009,86.0033
TIME|1,47620000,48200000,1.0012,86.0121
TIME|0,47580000,48160000,1.0026,86.0157
TIME|1,48200000,48750000,0.9903,87.0024
TIME|0,48160000,48710000,0.9900,87.0056
TIME|3,48190000,48750000,1.0067,87.0100
TIME|2,47920000,48480000,1.0106,87.0110
TIME|1,48750000,49320000,1.0019,88.0043
TIME|0,48710000,49280000,1.0002,88.0058
TIME|3,48750000,49320000,1.0014,88.0114
TIME|2,48480000,49050000,1.0051,88.0161
TIME|3,49320000,49890000,0.9890,89.0004
TIME|1,49320000,49900000,1.0067,89.0110
TIME|2,49050000,49620000,0.9953,89.0114
TIME|0,49280000,49860000,1.0072,89.0129
TIME|1,49900000,50470000,0.9900,90.0010
TIME|0,49860000,50430000,0.9918,90.0048
TIME|2,49620000,50190000,0.9947,90.0061
TIME|3,49890000,50470000,1.0072,90.0076
TIME|0,50430000,51000000,0.9975,91.0023
TIME|3,50470000,51040000,0.9959,91.0035
TIME|2,50190000,50760000,1.0004,91.0064
TIME|1,50470000,51050000,1.0176,91.0186
TIME|1,51050000,51590000,0.9826,92.0012
TIME|0,51000000,51550000,1.0019,92.0042
TIME|3,51040000,51590000,1.0010,92.0045
TIME|2,50760000,51310000,1.0046,92.0110
TIME|2,51310000,51870000,0.9979,93.0089
TIME|1,51590000,52160000,1.0083,93.0095
TIME|3,51590000,52160000,1.0080,93.0125
TIME|0,51550000,52120000,1.0084,93.0126
TIME|1,52160000,52730000,0.9958,94.0053
TIME|3,52160000,52730000,0.9947,94.0072
TIME|0,52120000,52690000,0.9949,94.0075
TIME|2,51870000,52440000,0.9992,94.0081
TIME|3,52730000,53300000,0.9942,95.0014
TIME|0,52690000,53260000,0.9951,95.0026
TIME|2,52440000,53010000,0.9975,95.0056
TIME|1,52730000,53310000,1.0119,95.0172
TIME|0,53260000,53830000,0.9975,96.0000
TIME|2,53010000,53580000,1.0006,96.0062
TIME|1,53310000,53880000,0.9960,96.0133
TIME|3,53300000,53880000,1.0122,96.0135
TIME|1,53880000,54430000,0.9974,97.0106
TIME|2,53580000,54130000,1.0047,97.0109
TIME|3,53880000,54430000,0.9979,97.0114
TIME|0,53830000,54390000,1.0158,97.0158
TIME|1,54430000,54990000,0.9975,98.0081
TIME|3,54430000,54990000,0.9983,98.0098
TIME|2,54130000,54690000,1.0022,98.0132
TIME|0,54390000,54950000,0.9991,98.0149
TIME|0,54950000,55510000,0.9870,99.0019
TIME|2,54690000,55250000,0.9901,99.0033
TIME|1,54990000,55560000,1.0026,99.0107
TIME|3,54990000,55560000,1.0024,99.0122
TIME|0,55510000,56080000,1.0061,100.0080
TIME|2,55250000,55820000,1.0089,100.0122
TIME|3,55560000,56130000,1.0033,100.0155
TIME|1,55560000,56130000,1.0056,100.0163
TIME|3,56130000,56690000,0.9900,101.0055
TIME|1,56130000,56690000,0.9903,101.0066
TIME|2,55820000,56380000,0.9965,101.0088
TIME|0,56080000,56650000,1.0094,101.0173
TIME|0,56650000,57180000,0.9859,102.0032
TIME|3,56690000,57230000,1.0013,102.0068
TIME|1,56690000,57230000,1.0026,102.0092
TIME|2,56380000,56920000,1.0063,102.0150
TIME|2,56920000,57460000,0.9852,103.0002
TIME|0,57180000,57730000,1.0012,103.0044
TIME|3,57230000,57780000,0.9996,103.0064
TIME|1,57230000,57780000,1.0020,103.0112
TIME|1,57780000,58330000,0.9907,104.0019
TIME|2,57460000,58020000,1.0135,104.0137
TIME|0,57730000,58290000,1.0102,104.0146
TIME|3,57780000,58340000,1.0082,104.0146
TIME|0,58290000,58840000,0.9928,105.0074
TIME|3,58340000,58890000,0.9928,105.0075
TIME|1,58330000,58890000,1.0098,105.0117
TIME|2,58020000,58570000,1.0016,105.0153
TIME|2,58570000,59110000,0.9857,106.0010
TIME|0,58840000,59390000,0.9987,106.0061
TIME|3,58890000,59440000,1.0000,106.0075
TIME|1,58890000,59440000,0.9992,106.0108
TIME|3,59440000,59960000,0.9926,107.0001
TIME|1,59440000,59960000,0.9918,107.0026
TIME|2,59110000,59640000,1.0152,107.0162
TIME|0,59390000,59920000,1.0107,107.0167
240000000 operations, 107.57 real_elapsed 
dimm_num = 2 
DIMM0 | Read from IMC | Write from IMC |  Read DIMM  |  Write DIMM  |   RA   |   WA   |
  MB  |     279776.69 |       18880.68 |   380665.03 |     53211.29 |   1.36 |   2.82 |
DIMM1 | Read from IMC | Write from IMC |  Read DIMM  |  Write DIMM  |   RA   |   WA   |
  MB  |          0.02 |           0.01 |        5.76 |        82.10 | 245.09 | 9607.97 |
*SUM* | DIMM-R:  3532.2 MB/s. User-R:  2596.0 MB/s   | DIMM-W:   494.5 MB/s, User-W:   175.2 MB/s. Time: 107.77s
*SUMSUM* | DIMM-R: 380670.8 MB| User-R: 279776.7 MB   | DIMM-W: 53293.4 MB | User-W: 18880.7 MB | Time: 107.77s
[32mDestroy IPMWatcher.
[0m
